ID	UT	N_Arvore	DAP	HC	G	Volume	X	Y	Z
1	3	8001	0.897632	13	0.632829	6.51648	550484.8965	9797749.159	63.507801
2	3	8003	0.6589	7	0.34098	2.077636	550476.9986	9797785.47	66.265602
3	3	8004	0.684365	12	0.367845	3.535687	550466.6566	9797793.32	68.247002
4	3	8005	0.716196	13	0.402859	4.14418	550473.1135	9797775.249	66.265602
5	3	8007	0.779857	14	0.477662	5.233366	550452.8676	9797802.388	68.247002
6	3	8011	0.725745	14	0.413674	4.530833	550447.8616	9797838.241	70.039001
7	3	8013	0.630252	11	0.311974	2.784965	550476.6726	9797857.356	70.452904
8	3	8016	0.636618	13	0.318308	3.272679	550443.9756	9797867.092	70.806396
9	3	8017	0.531576	11	0.221933	1.979655	550482.2267	9797893.541	70.283798
10	3	8019	0.668449	13	0.350935	3.608921	550481.9171	9797970.216	72.352997
11	3	8022	0.939012	13	0.69252	7.132585	550466.3521	9797991	74.533401
12	3	8023	0.668449	12	0.350935	3.372791	550457.1221	9797997.856	74.533401
13	3	8024	0.78304	17	0.481569	6.217445	550467.5666	9798001.292	74.533401
14	3	8025	0.636618	12	0.318308	3.058549	550470.5746	9798018.755	76.076897
15	3	8026	0.684365	16	0.367845	4.509174	550481.8778	9798045.912	75.935402
16	3	8028	0.620703	12	0.302592	2.907202	550475.948	9798057.308	76.570297
17	3	8030	0.716196	16	0.402859	4.939397	550481.0171	9798096.17	76.842201
18	3	8033	0.572956	12	0.25783	2.476251	550476.8314	9798165.88	81.467003
19	3	8036	0.735294	12	0.424631	4.082828	550481.791	9798289.319	84.148598
20	3	8038	1.002674	16	0.789604	9.695888	550456.3659	9798409.759	80.631104
21	3	8039	0.592055	15	0.275305	3.193503	550462.3739	9798417.716	80.631104
22	3	8040	0.598421	14	0.281257	3.077847	550465.0429	9798417.273	80.631104
23	3	8041	0.728928	17	0.41731	5.38608	550484.2584	9798428.969	81.699799
24	3	8042	0.544309	12	0.232691	2.2343	550479.091	9798534.154	79.6511
25	3	8043	0.655717	12	0.337693	3.245247	550487.6377	9798537.91	79.6511
26	3	8044	0.636618	12	0.318308	3.058549	550473.953	9798526.197	78.246803
27	3	8045	0.903998	17	0.641837	8.291998	550478.207	9798557.698	79.6511
28	3	8047	0.560224	13	0.246498	2.532905	550482.3499	9798584.306	80.161003
29	3	8048	1.018589	14	0.814869	8.938627	550473.0069	9798585.082	79.442001
30	3	8050	0.636618	12	0.318308	3.058549	550463.067	9798579.035	79.442001
31	3	8053	0.70028	17	0.385153	4.970142	550455.701	9798478.782	78.205803
32	3	8054	0.859435	10	0.580117	4.784425	550476.147	9798403.945	82.180496
33	3	8056	0.954927	18	0.716194	9.713103	550484.93	9798389.463	82.703003
34	3	8058	0.636618	16	0.318308	3.900665	550433.059	9798225.774	81.568703
35	3	8059	0.592055	10	0.275305	2.26673	550456.523	9798210.625	82.935501
36	3	8060	0.795773	17	0.497357	6.421749	550426.704	9798164.318	80.355499
37	3	8061	0.830787	17	0.542087	7.000652	550423.921	9798154.26	78.821899
38	3	8064	0.719379	16	0.406448	4.9835	550457.839	9798136.456	79.654503
39	3	8065	0.611154	14	0.293353	3.210517	550451.387	9798131.594	79.654503
40	3	8070	0.592055	12	0.275305	2.644476	550457.925	9798034.874	76.076897
41	3	8071	0.636618	13	0.318308	3.272679	550437.791	9798025.705	75.881203
42	3	8072	0.652534	16	0.334423	4.098592	550447.576	9798016.197	76.076897
43	3	8074	0.795773	13	0.497357	5.118698	550444.563	9797976.405	72.798698
44	3	8077	0.636618	14	0.318308	3.484274	550468.918	9797964.24	72.798401
45	3	8079	0.636618	16	0.318308	3.900665	550484.82	9797953.956	72.352997
46	3	8080	0.821238	16	0.529697	6.49854	550478.949	9797934.067	71.016296
47	3	8081	0.677998	16	0.361033	4.425486	550470.242	9797921.021	71.240601
48	3	8082	0.6589	13	0.34098	3.506318	550439.984	9797901.243	70.881104
49	3	8085	0.56659	17	0.252132	3.250495	550454.434	9797866.642	70.452904
50	3	8087	0.652534	16	0.334423	4.098592	550484.904	9797847.511	68.7202
51	3	8088	0.789407	12	0.489431	4.70738	550468.662	9797830.714	70.039001
52	3	8089	0.604787	16	0.287273	3.519538	550476.331	9797810.484	68.247002
53	3	8090	0.827604	14	0.537941	5.895379	550480.89	9797807.167	67.056503
54	3	8091	0.773491	17	0.469895	6.06639	550472.98	9797754.444	64.098503
55	3	8092	0.843519	12	0.55883	5.37647	550475.204	9797751.349	64.098503
56	3	8093	0.646168	12	0.327929	3.151205	550472.644	9797745.933	64.098503
57	3	8094	0.572956	12	0.25783	2.476251	550468.858	9797728.801	62.779499
58	3	8095	0.811688	16	0.51745	6.347955	550471.527	9797726.037	62.779499
59	3	8097	1.018589	16	0.814869	10.006846	550485.1135	9797717.344	61.831001
60	3	8098	0.592055	13	0.275305	2.829616	550464.73	9797676.961	61.397202
61	3	8099	0.954927	14	0.716194	7.853934	550454.715	9797658.284	59.928699
62	3	8101	0.827604	18	0.537941	7.290923	550449.591	9797627.556	58.030701
63	3	8102	0.732111	12	0.420963	4.047476	550442.815	9797661.161	61.017502
64	3	8104	0.888083	16	0.619436	7.602172	550412.12	9797669.127	63.3568
65	3	8105	0.598421	12	0.281257	2.701782	550412.121	9797674.764	63.3568
66	3	8107	0.636618	14	0.318308	3.484274	550442.492	9797703.938	63.645401
67	3	8108	0.541126	15	0.229978	2.666634	550463.85	9797714.322	62.779499
68	3	8112	0.748026	18	0.439465	5.953522	550458.858	9797768.044	66.265602
69	3	8114	0.722562	12	0.410053	3.942346	550447.41	9797797.559	68.247002
70	3	8115	0.843519	11	0.55883	4.995176	550429.953	9797816.907	69.123497
71	3	8116	0.592055	12	0.275305	2.644476	550414.156	9797802.431	69.781197
72	3	8118	0.763942	9	0.458364	3.456297	550410.383	9797839.461	70.7976
73	3	8119	0.70028	13	0.385153	3.96164	550421.845	9797860.46	70.806396
74	3	8120	0.703463	14	0.388663	4.256298	550428.746	9797881.349	70.806396
75	3	8122	0.636618	14	0.318308	3.484274	550418.647	9797969.337	72.798698
76	3	8124	0.811688	16	0.51745	6.347955	550404.53	9798001.949	73.507599
77	3	8127	0.754393	16	0.446977	5.481597	550425.458	9798077.107	76.7696
78	3	8128	0.611154	11	0.293353	2.618374	550424.235	9798078.544	76.7696
79	3	8129	0.636618	10	0.318308	2.621656	550429.131	9798087.165	76.7696
80	3	8131	0.636618	14	0.318308	3.484274	550411.007	9798104.965	76.0121
81	3	8134	0.595238	12	0.278273	2.673052	550416.466	9798143.54	78.821899
82	3	8135	0.572956	12	0.25783	2.476251	550394.458	9798199.477	79.139099
83	3	8137	0.795773	12	0.497357	4.783785	550389.009	9798200.252	79.139099
84	3	8138	0.903998	16	0.641837	7.877723	550378.562	9798231.867	75.789001
85	3	8141	0.57614	10	0.260703	2.146237	550412.154	9798246.118	79.028603
86	3	8144	0.636618	10	0.318308	2.621656	550397.149	9798284.035	78.772102
87	3	8146	1.082251	16	0.919911	11.299873	550374.909	9798302.61	75.524498
88	3	8148	0.662083	12	0.344282	3.308711	550409.279	9798312.881	78.2929
89	3	8149	0.671632	16	0.354285	4.342584	550417.735	9798324.485	81.194901
90	3	8150	0.728928	13	0.41731	4.293179	550424.856	9798332.774	81.194901
91	3	8151	0.592055	12	0.275305	2.644476	550434.086	9798329.013	81.194901
92	3	8152	0.728928	13	0.41731	4.293179	550420.185	9798337.196	81.194901
93	3	8155	0.572956	14	0.25783	2.820924	550387.152	9798334.441	78.683296
94	3	8157	1.088617	14	0.930766	10.212993	550396.278	9798359.42	78.902901
95	3	8161	0.636618	16	0.318308	3.900665	550415.308	9798403.96	79.152199
96	3	8166	0.881716	12	0.610587	5.875591	550414.665	9798499.573	76.188599
97	3	8168	0.557041	18	0.243705	3.297146	550415.007	9798531.849	77.238297
98	3	8169	0.74166	12	0.432016	4.153994	550409.565	9798562.358	77.660797
99	3	8170	0.888083	18	0.619436	8.398119	550342.058	9798583.155	74.251198
100	3	8171	0.709829	13	0.395729	4.07067	550324.93	9798585.039	74.251198
101	3	8172	0.636618	13	0.318308	3.272679	550320.481	9798583.935	71.387901
102	3	8175	0.56659	10	0.252132	2.075525	550366.401	9798526.003	75.411598
103	3	8176	0.611154	10	0.293353	2.415674	550329.012	9798453.391	73.287399
104	3	8179	0.572956	12	0.25783	2.476251	550405.977	9798450.829	76.948799
105	3	8180	0.693914	10	0.378182	3.115997	550387.614	9798405.736	79.152199
106	3	8181	0.954927	18	0.716194	9.713103	550384.722	9798401.426	79.152199
107	3	8184	0.455182	12	0.162727	1.561248	550343.19	9798222.039	72.097801
108	3	8186	0.70028	12	0.385153	3.702432	550380.548	9798169.636	75.3451
109	3	8188	0.954927	17	0.716194	9.254908	550394.873	9798079.657	75.642097
110	3	8190	1.212758	12	1.155149	11.131789	550345.461	9797964.603	67.773598
111	3	8192	0.827604	16	0.537941	6.599912	550355.469	9797955.315	70.378998
112	3	8193	0.70028	13	0.385153	3.96164	550362.141	9797948.903	70.378998
113	3	8194	0.588872	12	0.272353	2.616053	550364.81	9797948.791	70.378998
114	3	8195	0.636618	12	0.318308	3.058549	550375.596	9797936.961	69.590897
115	3	8196	0.763942	16	0.458364	5.621569	550383.602	9797932.428	69.590897
116	3	8199	0.579323	14	0.263591	2.884103	550357.23	9797881.809	70.581703
117	3	8201	0.868984	17	0.59308	7.660738	550352.554	9797865.12	69.969902
118	3	8202	0.620703	12	0.302592	2.907202	550359.336	9797853.844	70.581703
119	3	8203	0.954927	16	0.716194	8.792525	550384.134	9797835.599	70.971397
120	3	8204	0.763942	12	0.458364	4.407926	550392.363	9797830.733	70.7976
121	3	8205	0.923097	10	0.669243	5.521255	550382.349	9797812.498	70.275299
122	3	8207	0.763942	12	0.458364	4.407926	550361.772	9797811.729	70.275299
123	3	8208	0.668449	15	0.350935	4.073026	550396.688	9797781.102	68.048401
124	3	8209	0.611154	14	0.293353	3.210517	550402.58	9797768.721	68.048401
125	3	8211	0.843519	16	0.55883	6.856783	550387.215	9797704.946	64.574799
126	3	8212	0.818054	18	0.525599	7.123269	550376.646	9797691.464	64.274101
127	3	8213	0.671632	17	0.354285	4.570953	550368.077	9797671.349	64.274101
128	3	8214	0.954927	12	0.716194	6.894304	550371.635	9797666.595	62.659302
129	3	8215	1.107716	16	0.963711	11.839127	550405.216	9797638.179	61.981899
130	3	8216	0.87535	17	0.601802	7.773649	550343.822	9797637.31	61.251099
131	3	8217	0.601604	12	0.284257	2.730666	550316.238	9797633.78	61.368801
132	3	8218	0.757576	13	0.450757	4.63807	550301.342	9797664.954	63.5215
133	3	8220	0.579323	13	0.263591	2.708955	550338.94	9797686.278	65.036301
134	3	8221	0.636618	12	0.318308	3.058549	550318.486	9797730.055	67.616898
135	3	8222	0.630252	18	0.311974	4.223124	550322.936	9797731.933	67.616898
136	3	8223	0.550675	11	0.238166	2.124799	550339.175	9797736.903	67.7938
137	3	8225	0.662083	12	0.344282	3.308711	550341.961	9797755.693	67.7938
138	3	8226	0.569773	13	0.254973	2.620189	550316.716	9797766.753	68.781601
139	3	8229	0.56659	13	0.252132	2.59093	550318.187	9797867.781	68.3899
140	3	8230	0.592055	13	0.275305	2.829616	550331.65	9797886.348	68.783401
141	3	8232	0.620703	13	0.302592	3.110736	550308.86	9797926.256	65.218201
142	3	8234	0.709829	12	0.395729	3.804328	550309.002	9798050.718	65.562599
143	3	8236	0.588872	13	0.272353	2.799204	550266.986	9798155.074	62.679298
144	3	8237	0.744843	14	0.435732	4.772994	550304.807	9798174.739	67.783302
145	3	8238	0.636618	14	0.318308	3.484274	550305.148	9798206.021	67.729698
146	3	8240	0.620703	11	0.302592	2.701026	550272.684	9798255.99	63.239201
147	3	8242	1.002674	14	0.789604	8.660863	550304.061	9798303.623	68.276199
148	3	8245	0.582506	16	0.266496	3.264429	550323.098	9798376.903	73.391403
149	3	8246	0.598421	14	0.281257	3.077847	550336.224	9798381.763	73.802696
150	3	8248	0.604787	14	0.287273	3.143832	550293.003	9798559.624	70.7855
151	3	8250	0.722562	10	0.410053	3.379208	550286.889	9798575.321	66.747803
152	3	8254	0.611154	13	0.293353	3.015547	550277.154	9798340.217	64.559402
153	3	8257	0.693914	14	0.378182	4.141272	550298.186	9797941.845	65.218201
154	3	8258	0.588872	17	0.272353	3.511788	550284.721	9797913.662	64.320297
155	3	8263	0.891266	15	0.623884	7.250315	550255	9797816.288	63.7071
156	3	8264	0.604787	16	0.287273	3.519538	550260.448	9797807.002	63.7071
157	3	8265	0.706646	13	0.392188	4.034162	550273.795	9797807.772	67.138199
158	3	8266	0.592055	10	0.275305	2.26673	550296.597	9797816.278	69.590302
159	3	8268	0.693914	9	0.378182	2.850452	550251.877	9797780.365	63.525002
160	3	8269	0.560224	13	0.246498	2.532905	550301.365	9797758.467	67.616898
161	3	8271	0.557041	12	0.243705	2.340295	550285.568	9797743.659	65.894302
162	3	8272	0.579323	12	0.263591	2.53171	550251.083	9797718.134	62.5028
163	3	8274	0.57614	18	0.260703	3.527647	550268.87	9797683.975	63.9011
164	3	8275	0.572956	13	0.25783	2.649613	550272.54	9797681.763	63.9011
165	3	8277	0.604787	12	0.287273	2.759704	550290.773	9797655.451	62.565601
166	3	8278	0.636618	12	0.318308	3.058549	550297.108	9797634.89	61.368801
167	3	8285	0.725745	16	0.413674	5.072295	550150.955	9798495.218	54.592701
168	3	8291	0.550675	11	0.238166	2.124799	550153.842	9798032.188	54.592701
169	3	8292	0.687548	13	0.371275	3.818575	550076.49	9797821.417	57.515999
170	3	8294	0.588872	12	0.272353	2.616053	550091.065	9797841.752	55.360699
171	3	8295	0.636618	12	0.318308	3.058549	550097.967	9797866.731	55.636002
172	3	8297	0.636618	8	0.318308	2.170941	550087.849	9797878.893	55.636002
173	3	8298	0.633435	12	0.315133	3.027972	550100.195	9797877.784	55.636002
174	3	8299	0.572956	12	0.25783	2.476251	550103.642	9797877.452	55.636002
175	3	8300	0.585689	13	0.269416	2.768956	550106.871	9797889.499	55.350399
176	3	8303	0.588872	10	0.272353	2.242367	550109.804	9798054.306	54.592701
177	3	8304	0.919913	14	0.664636	7.287313	550100.474	9798104.38	54.592701
178	3	8305	0.623886	13	0.305703	3.142795	550074.003	9798104.166	55.115501
179	3	8306	0.572956	12	0.25783	2.476251	550064.214	9798097.978	54.592701
180	3	8308	0.579323	13	0.263591	2.708955	550103.28	9798205.85	56.0173
181	3	8310	0.798956	16	0.501344	6.149928	550116.853	9798223.974	55.230202
182	3	8311	0.569773	12	0.254973	2.448752	550126.536	9798246.742	55.230202
183	3	8317	0.738477	12	0.428316	4.118334	550113.804	9798482.737	55.462399
184	3	8318	0.636618	10	0.318308	2.621656	550134.718	9798500.749	55.422401
185	3	8320	0.61752	10	0.299496	2.466378	550090.461	9798536.573	57.245098
186	3	8321	0.74166	12	0.432016	4.153994	550055.8727	9798584.631	59.5495
187	3	8322	0.846702	13	0.563056	5.796475	550059.656	9798552.166	59.6259
188	3	8325	0.572956	13	0.25783	2.649613	550069.657	9798515.245	59.830601
189	3	8327	0.636618	13	0.318308	3.272679	550079.884	9798492.804	57.568699
190	3	8329	0.732111	14	0.420963	4.610851	550063.856	9798444.615	59.149899
191	3	8330	0.732111	12	0.420963	4.047476	550056.731	9798421.073	58.401901
192	3	8332	0.579323	11	0.263591	2.352164	550052.358	9798278.263	60.527802
193	3	8334	0.939012	15	0.69252	8.049832	550041.781	9798234.052	61.561401
194	3	8335	0.763942	12	0.458364	4.407926	550034.876	9798198.24	59.9058
195	3	8336	0.60797	12	0.290305	2.788896	550043.771	9798187.848	58.4874
196	3	8337	0.636618	16	0.318308	3.900665	550034.529	9798145.626	57.067402
197	3	8339	0.655717	16	0.337693	4.138766	550022.724	9798083.619	54.592701
198	3	8342	0.827604	12	0.537941	5.175055	550033.03	9797930.747	58.800598
199	3	8343	0.541126	12	0.229978	2.208186	550051.893	9797754.661	55.336498
200	3	8344	0.636618	10	0.318308	2.621656	550042.201	9797689.89	54.844501
201	3	8345	0.684365	14	0.367845	4.027825	550024.411	9797713.107	55.632099
202	3	8346	0.537942	13	0.22728	2.335004	550015.405	9797724.052	55.632099
203	3	8348	0.935829	12	0.687833	6.620688	549990.492	9797729.253	59.3633
204	3	8349	0.763942	10	0.458364	3.778283	549992.72	9797742.406	60.7584
205	3	8350	0.802139	10	0.505346	4.166472	550021.204	9797785.729	59.529202
206	3	8351	0.748026	14	0.439465	4.813968	550010.529	9797797.116	63.948601
207	3	8352	0.604787	11	0.287273	2.563988	550016.986	9797820.217	60.8027
208	3	8353	0.827604	9	0.537941	4.05781	549987.736	9797825.308	64.844498
209	3	8354	1.114082	13	0.974819	10.04785	549990.186	9797838.572	64.844498
210	3	8355	0.795773	10	0.497357	4.100453	549993.751	9797861.231	64.104698
211	3	8356	1.005857	14	0.794625	8.716065	550005.22	9797913.4	62.526199
212	3	8357	0.779857	13	0.477662	4.915551	549996.28	9798190.734	59.137501
213	3	8359	0.557041	16	0.243705	2.984653	549973.589	9798183.444	58.6096
214	3	8362	0.954927	12	0.716194	6.894304	550018.202	9798233.505	61.561401
215	3	8363	0.722562	12	0.410053	3.942346	550011.096	9798283.137	64.379303
216	3	8364	0.35014	12	0.096288	0.922725	550022.554	9798291.756	63.0723
217	3	8365	0.954927	10	0.716194	5.909498	550040.239	9798292.967	63.0723
218	3	8367	0.827604	12	0.537941	5.175055	550005.878	9798323.262	64.411301
219	3	8369	0.811688	16	0.51745	6.347955	549999.321	9798341.281	64.411301
220	3	8370	0.913547	16	0.655469	8.045413	550037.139	9798352.104	61.258202
221	3	8371	0.588872	12	0.272353	2.616053	550056.601	9798344.03	59.895
222	3	8373	0.78304	15	0.481569	5.59317	550047.489	9798375.977	58.790298
223	3	8374	0.681182	10	0.364431	3.002448	550054.386	9798383.602	57.972401
224	3	8375	0.986758	13	0.764736	7.878132	550022.023	9798391.9	60.406399
225	3	8376	0.588872	10	0.272353	2.242367	550020.027	9798414.892	60.871201
226	3	8377	0.668449	13	0.350935	3.608921	550028.482	9798423.29	60.871201
227	3	8379	0.611154	12	0.293353	2.818241	550003.478	9798507.635	63.616001
228	3	8380	0.738477	8	0.428316	2.923169	550022.721	9798516.583	62.0811
229	3	8382	0.585689	12	0.269416	2.587785	549995.928	9798561.577	63.184799
230	3	8383	0.572956	10	0.25783	2.122535	549927.526	9798562.368	63.633499
231	3	8384	0.859435	12	0.580117	5.581739	549927.077	9798544.904	64.2118
232	3	8385	0.604787	12	0.287273	2.759704	549946.981	9798525.003	65.0746
233	3	8386	0.636618	13	0.318308	3.272679	549954.765	9798518.479	64.497803
234	3	8387	0.601604	13	0.284257	2.92184	549954.758	9798490.845	65.203903
235	3	8388	0.611154	12	0.293353	2.818241	549950.863	9798482.004	66.015602
236	3	8389	0.636618	12	0.318308	3.058549	549980.439	9798447.399	65.163902
237	3	8390	0.668449	13	0.350935	3.608921	549985.328	9798424.407	63.162201
238	3	8391	0.668449	12	0.350935	3.372791	549948.736	9798426.405	66.468002
239	3	8392	0.763942	13	0.458364	4.716526	549999.782	9798407.381	62.904598
240	3	8393	0.604787	12	0.287273	2.759704	549989.762	9798367.259	63.667999
241	3	8395	0.572956	14	0.25783	2.820924	549960.489	9798281.713	65.494499
242	3	8400	0.70028	12	0.385153	3.702432	549952.734	9797955.637	61.466301
243	3	8401	0.884899	16	0.615004	7.547652	549958.381	9797856.818	65.437698
244	3	8405	0.986758	17	0.764736	9.883644	549966.717	9797834.267	66.783401
245	3	8406	0.630252	13	0.311974	3.207407	549976.613	9797821.111	66.476997
246	3	8407	0.572956	12	0.25783	2.476251	549981.607	9797778.112	65.6297
247	3	8408	0.56659	17	0.252132	3.250495	549942.897	9797760.657	67.586098
248	3	8409	0.630252	11	0.311974	2.784965	549976.811	9797723.619	63.6656
249	3	8410	0.811688	16	0.51745	6.347955	549953.671	9797700.966	63.6656
250	3	8412	0.668449	14	0.350935	3.842256	549963.561	9797665.703	62.7742
251	3	8413	0.79259	12	0.493386	4.745505	549988.361	9797655.638	57.9347
252	3	8414	0.563407	12	0.249307	2.394216	549933.852	9797614.643	66.9589
253	3	8415	0.859435	17	0.580117	7.492922	549930.407	9797627.797	66.9589
254	3	8416	0.907181	16	0.646365	7.933423	549910.166	9797631.561	69.4757
255	3	8417	0.859435	7	0.580117	3.53896	549900.052	9797662.734	69.846199
256	3	8418	0.572956	12	0.25783	2.476251	549897.714	9797652.455	69.846199
257	3	8419	0.557041	13	0.243705	2.50414	549896.267	9797649.913	69.846199
258	3	8420	0.582506	17	0.266496	3.4361	549913.401	9797672.347	69.621498
259	3	8422	0.630252	12	0.311974	2.997549	549919.856	9797689.478	69.621498
260	3	8423	0.763942	12	0.458364	4.407926	549940.439	9797716.554	67.548698
261	3	8424	0.56659	13	0.252132	2.59093	549928.764	9797727.832	67.548698
262	3	8425	0.627069	12	0.308831	2.967279	549895.293	9797756.137	69.301102
263	3	8426	0.811688	16	0.51745	6.347955	549914.203	9797766.854	69.1073
264	3	8427	0.604787	16	0.287273	3.519538	549931.998	9797763.865	67.942703
265	3	8428	0.865801	17	0.588743	7.604592	549931.224	9797780.335	67.942703
266	3	8429	0.579323	12	0.263591	2.53171	549935.119	9797789.287	67.942703
267	3	8430	0.534759	12	0.224598	2.15642	549894.42	9797822.126	68.964798
268	3	8434	0.620703	16	0.302592	3.707648	549887.54	9797886.017	67.414902
269	3	8435	0.636618	10	0.318308	2.621656	549916.362	9797948.683	63.068001
270	3	8436	0.884899	13	0.615004	6.33252	549909.912	9797950.232	63.068001
271	3	8437	0.668449	10	0.350935	2.89101	549930.056	9798002.399	59.652802
272	3	8439	0.620703	12	0.302592	2.907202	549881.028	9798087.855	55.101101
273	3	8440	0.986758	12	0.764736	7.362671	549908.97	9798188.545	57.679298
274	3	8441	0.592055	12	0.275305	2.644476	549901.975	9798235.634	63.9263
275	3	8442	0.60797	14	0.290305	3.177087	549903.979	9798243.482	63.9263
276	3	8444	0.690731	12	0.374721	3.601923	549900.099	9798296.76	67.891701
277	3	8446	0.732111	15	0.420963	4.887784	549943.04	9798334.11	67.530502
278	3	8448	0.970843	10	0.740266	6.108577	549932.595	9798371.805	66.987
279	3	8449	0.706646	13	0.392188	4.034162	549935.823	9798383.963	66.381897
280	3	8450	0.620703	13	0.302592	3.110736	549951.618	9798388.602	66.381897
281	3	8451	0.582506	13	0.266496	2.738873	549954.741	9798424.083	64.986397
282	3	8452	0.572956	12	0.25783	2.476251	549931.176	9798478.029	66.015602
283	3	8453	1.002674	8	0.789604	5.396309	549914.715	9798479.581	66.795601
284	3	8454	0.986758	16	0.764736	9.389849	549899.918	9798462.783	67.318199
285	3	8455	0.620703	13	0.302592	3.110736	549903.503	9798566.353	64.416
286	3	8458	0.630252	12	0.311974	2.997549	549820.089	9798577.87	67.864502
287	3	8460	0.636618	14	0.318308	3.484274	549865.013	9797646.715	70.7724
288	3	8462	1.040871	12	0.85091	8.1943	549839.329	9797679.219	70.7118
289	3	8466	0.814871	14	0.521516	5.71498	549848.245	9797752.059	69.547302
290	3	8467	0.754393	16	0.446977	5.481597	549836.793	9797768.31	69.672699
291	3	8468	0.592055	17	0.275305	3.549942	549825.029	9797871.553	70.944901
292	3	8469	0.706646	17	0.392188	5.061125	549819.357	9797872.438	70.944901
293	3	8470	0.802139	13	0.505346	5.201111	549815.033	9797927.264	69.273102
294	3	8471	0.614337	12	0.296417	2.847741	549818.153	9797946.828	67.724899
295	3	8472	0.582506	13	0.266496	2.738873	549859.313	9797981.194	64.579498
296	3	8476	0.843519	13	0.55883	5.752877	549825.745	9798064.988	60.469799
297	3	8477	0.681182	12	0.364431	3.502799	549811.07	9798089.53	58.141102
298	3	8480	0.684365	14	0.367845	4.027825	549861.385	9798261.067	66.201897
299	3	8482	0.70028	16	0.385153	4.72183	549857.848	9798350.822	68.358398
300	3	8483	1.145913	18	1.031319	13.998348	549880.546	9798382.982	67.956497
301	3	8484	0.592055	12	0.275305	2.644476	549891.671	9798396.244	67.397301
302	3	8485	0.732111	16	0.420963	5.161875	549893.904	9798430.398	67.353699
303	3	8486	0.588872	12	0.272353	2.616053	549853.421	9798436.819	68.481003
304	3	8487	0.534759	12	0.224598	2.15642	549846.085	9798456.828	68.330101
305	3	8494	0.636618	14	0.318308	3.484274	549759.919	9798582.417	70.754799
306	3	8502	0.859435	13	0.580117	5.972517	549838.295	9798440.25	68.330101
307	3	8503	0.572956	12	0.25783	2.476251	549839.072	9798433.617	68.481003
308	3	8504	0.57614	12	0.260703	2.503903	549838.181	9798426.764	68.481003
309	3	8506	0.604787	18	0.287273	3.888034	549799.584	9798415.721	68.939697
310	3	8508	0.601604	12	0.284257	2.730666	549806.255	9798405.218	68.619003
311	3	8510	0.923097	14	0.669243	7.337945	549815.471	9798345.969	67.369698
312	3	8511	0.60797	11	0.290305	2.59111	549817.025	9798331.931	67.369698
313	3	8512	0.604787	13	0.287273	2.952911	549808.236	9798323.643	67.369698
314	3	8514	1.053603	12	0.871855	8.396457	549832.483	9798325.185	68.023102
315	3	8516	0.582506	13	0.266496	2.738873	549838.474	9798263.063	65.6567
316	3	8517	0.636618	10	0.318308	2.621656	549786.139	9798021.447	64.661903
317	3	8518	0.588872	13	0.272353	2.799204	549786.129	9797979.333	66.903397
318	3	8519	0.954927	16	0.716194	8.792525	549766.44	9797971.601	69.545197
319	3	8520	0.477464	14	0.179048	1.957369	549756.32	9797976.909	67.816498
320	3	8521	0.719379	13	0.406448	4.181182	549747.2	9797977.132	67.816498
321	3	8522	0.684365	12	0.367845	3.535687	549787.233	9797949.157	68.793198
322	3	8523	0.668449	13	0.350935	3.608921	549784.119	9797947.5	68.793198
323	3	8526	0.684365	13	0.367845	3.78322	549782.214	9797892.786	71.486801
324	3	8527	0.572956	12	0.25783	2.476251	549784.878	9797871.563	72.231796
325	3	8529	0.6589	12	0.34098	3.276902	549771.419	9797864.934	72.231796
326	3	8530	0.939012	13	0.69252	7.132585	549800	9797853.542	70.944901
327	3	8531	0.954927	13	0.716194	7.376975	549795.995	9797847.905	72.603897
328	3	8532	1.05042	16	0.866595	10.64352	549798.88	9797820.713	72.718102
329	3	8533	0.846702	16	0.563056	6.908747	549792.422	9797793.302	72.718102
330	3	8535	0.671632	14	0.354285	3.879019	549817.882	9797754.83	70.715698
331	3	8536	0.87535	17	0.601802	7.773649	549825.328	9797729.184	71.021301
332	3	8538	0.604787	16	0.287273	3.519538	549823.209	9797708.515	71.021301
333	3	8539	0.900815	18	0.637325	8.641205	549809.964	9797667.731	71.018303
334	3	8540	0.668449	14	0.350935	3.842256	549808.517	9797665.299	71.018303
335	3	8542	0.572956	16	0.25783	3.158041	549833.986	9797663.193	70.929497
336	3	8543	0.939012	18	0.69252	9.39132	549836.655	9797661.423	70.929497
337	3	8544	0.604787	12	0.287273	2.759704	549848.996	9797641.635	70.929497
338	3	8549	0.604787	13	0.287273	2.952911	549761.054	9797768.437	74.313698
339	3	8552	0.738477	12	0.428316	4.118334	549756.522	9797880.962	73.547302
340	3	8553	0.954927	8	0.716194	4.893537	549755.981	9797940.209	71.120598
341	3	8554	0.579323	12	0.263591	2.53171	549730.537	9798046.66	64.576401
342	3	8555	0.929463	17	0.678506	8.766828	549740.666	9798078.049	61.3969
343	3	8559	0.35014	12	0.096288	0.922725	549770.745	9798272.803	63.5509
344	3	8563	0.56659	16	0.252132	3.088097	549784.222	9798350.616	67.901199
345	3	8564	0.837153	13	0.550427	5.666176	549778.555	9798372.504	67.901199
346	3	8567	0.515661	16	0.208842	2.556801	549760.897	9798478.621	70.826302
347	3	8573	0.598421	17	0.281257	3.62687	549708.532	9798560.872	71.891403
348	3	8575	0.620703	12	0.302592	2.907202	549672.169	9798587.63	75.731903
349	3	8576	0.945378	14	0.701942	7.697292	549676.281	9798577.129	74.0923
350	3	8578	0.923097	16	0.669243	8.214873	549664.59	9798522.97	76.394203
351	3	8580	0.52521	12	0.216649	2.079924	549683.94	9798513.901	74.328796
352	3	8581	0.910364	16	0.650909	7.98932	549695.951	9798508.15	74.328796
353	3	8582	0.713012	17	0.399286	5.152936	549683.158	9798500.416	74.328796
354	3	8583	0.70028	13	0.385153	3.96164	549684.045	9798488.036	74.616798
355	3	8584	0.592055	11	0.275305	2.456932	549658.799	9798494.453	76.3703
356	3	8585	0.697097	13	0.38166	3.925627	549664.245	9798478.314	76.3703
357	3	8587	0.60797	18	0.290305	3.929161	549705.506	9798468.908	74.156898
358	3	8588	1.005857	16	0.794625	9.757686	549712.402	9798470.343	72.491997
359	3	8589	0.662083	14	0.344282	3.769256	549708.282	9798449.895	72.451797
360	3	8590	0.560224	12	0.246498	2.367179	549714.393	9798425.576	71.711998
361	3	8591	0.795773	12	0.497357	4.783785	549719.729	9798414.521	71.711998
362	3	8593	0.636618	12	0.318308	3.058549	549731.842	9798371.631	68.3647
363	3	8594	0.588872	13	0.272353	2.799204	549716.715	9798370.64	68.3647
364	3	8598	0.668449	16	0.350935	4.301428	549693.939	9798019.698	67.227303
365	3	8599	0.604787	16	0.287273	3.519538	549698.49	9797983.884	68.727097
366	3	8600	1.200025	10	1.131021	9.341944	549697.378	9797984.658	68.727097
367	3	8601	0.627069	12	0.308831	2.967279	549706.163	9797978.687	68.727097
368	3	8602	1.145913	13	1.031319	10.631563	549707.384	9797968.075	69.807999
369	3	8603	0.636618	12	0.318308	3.058549	549710.038	9797909.823	72.776604
370	3	8605	0.563407	12	0.249307	2.394216	549721.152	9797874.228	74.441498
371	3	8606	0.592055	12	0.275305	2.644476	549706.678	9797813.327	76.481003
372	3	8612	0.690731	12	0.374721	3.601923	549728.791	9797731.526	74.5625
373	3	8613	0.843519	12	0.55883	5.37647	549726.116	9797712.404	74.123596
374	3	8614	0.668449	12	0.350935	3.372791	549711.878	9797706.107	74.123596
375	3	8615	0.805322	13	0.509365	5.242565	549734.447	9797669.183	74.0513
376	3	8618	0.652534	13	0.334423	3.43874	549695.966	9797676.378	75.115501
377	3	8620	0.579323	16	0.263591	3.22877	549677.285	9797691.857	75.115501
378	3	8622	0.684365	16	0.367845	4.509174	549683.414	9797737.727	75.438698
379	3	8623	0.572956	13	0.25783	2.649613	549682.635	9797739.165	75.438698
380	3	8625	0.563407	12	0.249307	2.394216	549687.313	9797764.697	76.027199
381	3	8626	0.509295	18	0.203717	2.755034	549681.086	9797770.557	76.027199
382	3	8627	0.601604	12	0.284257	2.730666	549652.721	9797754.978	76.1166
383	3	8628	1.018589	15	0.814869	9.475491	549660.958	9797782.831	76.581902
384	3	8629	0.537942	13	0.22728	2.335004	549651.619	9797797.092	76.978401
385	3	8630	0.572956	12	0.25783	2.476251	549645.836	9797800.852	76.978401
386	3	8633	0.716196	16	0.402859	4.939397	549643.622	9797843.298	77.431297
387	3	8636	0.665266	13	0.347601	3.574555	549651.648	9797915.033	71.514198
388	3	8637	0.598421	12	0.281257	2.701782	549647.422	9797917.355	71.514198
389	3	8639	0.572956	10	0.25783	2.122535	549670.78	9797921.55	71.514198
390	3	8640	0.954927	18	0.716194	9.713103	549670.118	9797944.872	71.514198
391	3	8641	0.636618	14	0.318308	3.484274	549672.013	9797960.678	70.250198
392	3	8642	0.738477	10	0.428316	3.530057	549664.906	9798005.226	69.042397
393	3	8643	0.56659	13	0.252132	2.59093	549652.238	9798051.543	65.813004
394	3	8645	0.703463	15	0.388663	4.511936	549639.235	9798090.344	64.363297
395	3	8647	0.732111	17	0.420963	5.433329	549666.102	9798343.24	66.3881
396	3	8648	0.735294	12	0.424631	4.082828	549670.003	9798374.299	69.637398
397	3	8650	0.665266	13	0.347601	3.574555	549628.109	9798525.852	78.039497
398	3	8651	0.572956	13	0.25783	2.649613	549645.017	9798531.486	77.820602
399	3	8652	0.604787	12	0.287273	2.759704	549631.228	9798543.869	77.820602
400	3	8653	0.636618	12	0.318308	3.058549	549621.884	9798539.56	77.820602
401	3	8654	0.668449	12	0.350935	3.372791	549620.106	9798545.309	77.820602
402	3	8656	0.572956	12	0.25783	2.476251	549627.901	9798584.657	77.540398
403	3	8658	0.585689	10	0.269416	2.218137	549574.8217	9798585	80.437302
404	3	8662	0.868984	13	0.59308	6.106281	549566.058	9798570.192	80.437302
405	3	8663	0.795773	14	0.497357	5.449648	549568.616	9798569.639	80.437302
406	3	8665	0.827604	12	0.537941	5.175055	549553.263	9798551.183	80.381699
407	3	8672	0.627069	14	0.308831	3.3803	549573.382	9798501.106	79.741302
408	3	8673	0.732111	12	0.420963	4.047476	549572.6	9798489.39	78.641701
409	3	8676	0.954927	13	0.716194	7.376975	549614.746	9798460.309	76.690002
410	3	8677	0.709829	15	0.395729	4.594156	549640.877	9798433	74.625999
411	3	8678	0.891266	12	0.623884	6.00384	549638.987	9798434.438	74.625999
412	3	8679	0.83397	12	0.546249	5.255158	549646.104	9798433.22	74.305801
413	3	8680	0.693914	13	0.378182	3.889778	549650.655	9798394.2	72.442101
414	3	8681	0.763942	18	0.458364	6.210147	549653.433	9798383.92	72.442101
415	3	8683	0.620703	13	0.302592	3.110736	549588.145	9798382.61	71.351402
416	3	8685	0.560224	14	0.246498	2.69667	549599.926	9798348.894	68.245399
417	3	8688	0.582506	11	0.266496	2.378141	549615.08	9798012.312	68.297997
418	3	8690	0.550675	12	0.238166	2.28699	549631.203	9797992.854	69.729797
419	3	8693	0.620703	10	0.302592	2.491928	549636.415	9797933.938	72.2817
420	3	8694	0.579323	14	0.263591	2.884103	549630.625	9797904.648	74.2808
421	3	8695	0.954927	14	0.716194	7.853934	549615.719	9797897.798	74.2808
422	3	8696	0.563407	12	0.249307	2.394216	549613.927	9797846.732	78.106598
423	3	8698	0.74166	14	0.432016	4.732195	549603.467	9797826.949	78.106598
424	3	8704	0.604787	10	0.287273	2.365498	549615.124	9797739.623	76.972099
425	3	8706	0.668449	13	0.350935	3.608921	549612.443	9797692.868	79.480301
426	3	8712	0.907181	18	0.646365	8.764052	549617.206	9797617.261	77.8741
427	3	8713	0.795773	13	0.497357	5.118698	549608.201	9797631.633	78.783096
428	3	8714	0.56659	12	0.252132	2.421407	549569.163	9797632.969	79.391701
429	3	8716	0.642984	12	0.324706	3.120166	549551.59	9797636.511	79.590599
430	3	8717	0.572956	14	0.25783	2.820924	549552.595	9797649.996	80.525101
431	3	8718	0.70028	13	0.385153	3.96164	549576.952	9797647.005	80.7939
432	3	8719	0.970843	16	0.740266	9.088728	549577.179	9797666.791	80.7939
433	3	8721	0.954927	12	0.716194	6.894304	549580.631	9797682.154	80.6726
434	3	8722	0.716196	13	0.402859	4.14418	549574.071	9797692.214	80.6726
435	3	8723	0.563407	12	0.249307	2.394216	549564.616	9797689.011	80.6726
436	3	8724	0.725745	18	0.413674	5.603364	549548.492	9797699.405	80.849602
437	3	8725	0.627069	17	0.308831	3.983273	549573.194	9797744.055	79.370697
438	3	8728	0.531576	12	0.221933	2.130767	549545.168	9797752.352	80.5112
439	3	8730	0.572956	13	0.25783	2.649613	549539.055	9797768.271	80.082199
440	3	8732	0.588872	13	0.272353	2.799204	549532.842	9797829.619	79.184097
441	3	8733	0.709829	10	0.395729	3.260905	549525.292	9797884.667	76.944
442	3	8734	0.544309	13	0.232691	2.390724	549585.796	9797881.778	76.738197
443	3	8735	0.6589	12	0.34098	3.276902	549587.024	9797896.921	75.016296
444	3	8736	0.636618	14	0.318308	3.484274	549578.909	9797915.935	74.375198
445	3	8737	0.652534	16	0.334423	4.098592	549582.582	9797925.109	74.375198
446	3	8740	0.620703	14	0.302592	3.311861	549504.403	9797966.357	74.988899
447	3	8741	0.614337	13	0.296417	3.047112	549505.187	9797990.012	73.354698
448	3	8742	0.74166	18	0.432016	5.852391	549502.634	9798008.914	71.4645
449	3	8744	0.748026	14	0.439465	4.813968	549511.116	9798126.299	65.273903
450	3	8746	0.923097	13	0.669243	6.892322	549534.44	9798445.296	75.394096
451	3	8749	0.636618	13	0.318308	3.272679	549516.768	9798495.925	77.169701
452	3	8751	0.754393	17	0.446977	5.769865	549531.786	9798505.317	79.661697
453	3	8753	0.627069	13	0.308831	3.175019	549537.016	9798518.138	79.661697
454	3	8754	0.627069	12	0.308831	2.967279	549522.447	9798521.568	79.661697
455	3	8759	0.601604	8	0.284257	1.938211	549509.441	9798549.757	81.226097
456	3	8761	0.592055	11	0.275305	2.456932	549502.328	9798571.313	82.663597
457	3	8762	0.687548	12	0.371275	3.568728	549513.674	9798576.506	82.663597
458	3	8763	0.636618	12	0.318308	3.058549	549460.841	9798566.681	83.252197
459	3	8764	0.620703	12	0.302592	2.907202	549449.939	9798556.625	82.1147
460	3	8766	0.560224	12	0.246498	2.367179	549451.827	9798546.566	82.1147
461	3	8769	0.773491	14	0.469895	5.148082	549502.087	9798495.818	77.169701
462	3	8770	0.636618	14	0.318308	3.484274	549499.181	9798439.225	74.5093
463	3	8771	1.273237	14	1.273234	13.980636	549512.414	9798427.726	71.560799
464	3	8772	0.61752	16	0.299496	3.669633	549512.856	9798416.562	71.560799
465	3	8773	0.989941	16	0.769678	9.450663	549530.093	9798408.268	72.699799
466	3	8776	0.56659	10	0.252132	2.075525	549501.11	9798144.208	63.714901
467	3	8777	0.604787	14	0.287273	3.143832	549499.223	9798160.678	63.714901
468	3	8778	0.560224	10	0.246498	2.029043	549492.549	9798154.822	63.714901
469	3	8780	0.509295	12	0.203717	1.955507	549482.727	9798014.887	72.169197
470	3	8781	0.684365	16	0.367845	4.509174	549476.495	9798003.172	74.256302
471	3	8784	0.738477	14	0.428316	4.691572	549490.392	9797977.746	74.256302
472	3	8785	0.563407	13	0.249307	2.561835	549497.287	9797977.634	73.354698
473	3	8786	0.954927	14	0.716194	7.853934	549470.144	9797957.523	75.833099
474	3	8790	0.636618	10	0.318308	2.621656	549457.569	9797927.019	78.248299
475	3	8791	0.732111	15	0.420963	4.887784	549464.465	9797929.449	77.369301
476	3	8792	0.582506	15	0.266496	3.091091	549496.718	9797922.809	76.458801
477	3	8794	0.595238	13	0.278273	2.860192	549462.342	9797889.436	78.732697
478	3	8795	0.604787	17	0.287273	3.704624	549487.028	9797868.87	79.935997
479	3	8797	0.795773	10	0.497357	4.100453	549499.262	9797867.872	78.991402
480	3	8800	0.725745	16	0.413674	5.072295	549494.123	9797775.577	80.676804
481	3	8801	0.611154	13	0.293353	3.015547	549497.433	9797667.363	80.7453
482	3	8802	0.585689	8	0.269416	1.836795	549505.439	9797658.85	80.7453
483	3	8803	0.572956	12	0.25783	2.476251	549510.218	9797646.027	80.7453
484	3	8804	0.649351	13	0.331168	3.405198	549512.328	9797633.867	80.042099
485	3	8805	0.636618	15	0.318308	3.693544	549515.443	9797634.862	80.042099
486	3	8807	0.557041	13	0.243705	2.50414	549457.723	9797650.682	83.112099
487	3	8810	0.620703	13	0.302592	3.110736	549439.286	9797756.137	83.065903
488	3	8811	0.70028	16	0.385153	4.72183	549436.621	9797772.607	83.136002
489	3	8812	0.572956	14	0.25783	2.820924	549434.069	9797799.025	82.785004
490	3	8813	0.808505	10	0.5134	4.233019	549427.287	9797809.638	84.488297
491	3	8818	0.56659	13	0.252132	2.59093	549429.22	9797980.635	76.3647
492	3	8822	0.639801	10	0.321499	2.647997	549459.403	9798147.092	66.7164
493	3	8823	0.767125	12	0.462192	4.444819	549477.876	9798190.417	63.605701
494	3	8825	0.611154	10	0.293353	2.415674	549499.691	9798252.09	60.741901
495	3	8829	0.652534	14	0.334423	3.661072	549458.024	9798417.571	69.199997
496	3	8830	0.954927	17	0.716194	9.254908	549459.037	9798468.637	73.252602
497	3	8832	0.881716	16	0.610587	7.493329	549438.351	9798475.054	76.887299
498	3	8833	0.592055	11	0.275305	2.456932	549441.692	9798489.201	76.887299
499	3	8834	0.553858	12	0.240928	2.313566	549443.917	9798493.069	76.887299
500	3	8835	0.732111	13	0.420963	4.330841	549432.911	9798511.863	79.760696
501	3	8838	0.595238	14	0.278273	3.045118	549441.148	9798540.268	82.1147
502	3	8839	0.977209	17	0.750006	9.692849	549427.023	9798539.498	83.049599
503	3	8840	0.611154	12	0.293353	2.818241	549423.465	9798545.136	83.049599
504	3	8841	0.636618	12	0.318308	3.058549	549435.707	9798575.53	83.9226
505	3	8842	0.732111	16	0.420963	5.161875	549434.375	9798585.147	83.9226
506	3	8843	0.636618	12	0.318308	3.058549	549406.235	9798584.933	84.986397
507	3	8844	0.722562	12	0.410053	3.942346	549360.8728	9798585.844	85.198303
508	3	8845	0.646168	12	0.327929	3.151205	549352.07	9798586.715	85.198303
509	3	8847	0.738477	12	0.428316	4.118334	549379.087	9798546.584	83.757202
510	3	8848	0.636618	12	0.318308	3.058549	549383.536	9798545.146	83.757202
511	3	8851	0.642984	12	0.324706	3.120166	549372.517	9798510.662	80.9813
512	3	8855	0.668449	16	0.350935	4.301428	549410.57	9798122.787	70.763802
513	3	8856	0.827604	17	0.537941	6.946989	549392.214	9798106.874	72.388802
514	3	8858	0.732111	12	0.420963	4.047476	549388.639	9798038.897	75.5485
515	3	8860	0.681182	14	0.364431	3.99036	549392.195	9798029.279	76.664398
516	3	8864	0.821238	12	0.529697	5.095568	549402.752	9797992.579	76.3647
517	3	8865	0.646168	13	0.327929	3.371821	549380.614	9797972.799	78.582199
518	3	8866	0.611154	10	0.293353	2.415674	549362.931	9797976.34	79.041901
519	3	8868	0.859435	14	0.580117	6.358671	549356.145	9797972.031	79.041901
520	3	8870	0.572956	12	0.25783	2.476251	549357.807	9797945.281	80.164703
521	3	8871	0.636618	12	0.318308	3.058549	549357.693	9797935.112	80.164703
522	3	8873	0.585689	13	0.269416	2.768956	549390.498	9797911.56	81.516098
523	3	8874	0.627069	12	0.308831	2.967279	549380.928	9797892.44	81.516098
524	3	8875	0.795773	12	0.497357	4.783785	549390.045	9797879.395	83.0084
525	3	8876	0.677998	12	0.361033	3.470066	549405.836	9797870.548	82.201797
526	3	8878	0.636618	13	0.318308	3.272679	549381.139	9797846.237	84.547501
527	3	8879	0.636618	18	0.318308	4.309065	549380.469	9797833.857	84.547501
528	3	8881	0.636618	13	0.318308	3.272679	549417.506	9797835.727	83.674896
529	3	8883	0.738477	12	0.428316	4.118334	549385.574	9797791.079	86.933601
530	3	8884	0.684365	13	0.367845	3.78322	549411.373	9797771.066	85.141197
531	3	8885	0.684365	12	0.367845	3.535687	549416.266	9797767.306	85.141197
532	3	8887	0.60797	13	0.290305	2.984146	549396.688	9797756.368	87.805
533	3	8888	1.203209	13	1.137029	11.723872	549393.12	9797721.33	88.495499
534	3	8889	0.868984	12	0.59308	5.706751	549399.457	9797709.612	85.910698
535	3	8890	0.891266	17	0.623884	8.059551	549402.341	9797679.545	85.849602
536	3	8891	0.884899	13	0.615004	6.33252	549395.441	9797662.967	87.2621
537	3	8892	0.954927	16	0.716194	8.792525	549378.203	9797666.619	87.2621
538	3	8893	0.6589	13	0.34098	3.506318	549368.417	9797673.143	88.259499
539	3	8894	0.986758	14	0.764736	8.387494	549366.307	9797686.186	89.270599
540	3	8895	0.614337	11	0.296417	2.645782	549366.747	9797667.506	88.388802
541	3	8896	1.018589	17	0.814869	10.533088	549409.563	9797650.142	85.178101
542	3	8897	1.082251	14	0.919911	10.093625	549406.335	9797639.199	85.178101
543	3	8899	1.273237	16	1.273234	15.651405	549419.686	9797656.218	85.178101
544	3	8900	0.706646	17	0.392188	5.061125	549431.256	9797668.264	83.112099
545	3	8902	0.684365	12	0.367845	3.535687	549396.434	9797629.696	85.048698
546	3	8903	0.668449	13	0.350935	3.608921	549371.965	9797630.034	85.048698
547	3	8904	0.763942	16	0.458364	5.621569	549374.082	9797644.513	87.2621
548	3	8905	0.588872	13	0.272353	2.799204	549364.736	9797628.377	86.095398
549	3	8906	0.763942	16	0.458364	5.621569	549361.067	9797636.005	86.095398
550	3	8907	0.970843	16	0.740266	9.088728	549358.735	9797652.144	88.388802
551	3	8908	1.435574	14	1.618606	17.782572	549343.719	9797647.726	88.388802
552	3	8909	1.273237	17	1.273234	16.474484	549350.397	9797664.968	88.388802
553	3	8910	0.954927	13	0.716194	7.376975	549340.618	9797699.125	89.4291
554	3	8911	1.289152	16	1.305263	16.046033	549357.862	9797719.017	89.4291
555	3	8912	1.305067	18	1.337691	18.167437	549337.292	9797744.556	88.887199
556	3	8913	0.770308	13	0.466035	4.795641	549335.513	9797745.993	88.852798
557	3	8914	0.665266	13	0.347601	3.574555	549360.212	9797776.716	87.725998
558	3	8917	0.697097	16	0.38166	4.678906	549339.53	9797796.396	86.278999
559	3	8918	0.789407	13	0.489431	5.036944	549353.775	9797831.653	84.727097
560	3	8919	0.821238	14	0.529697	5.804828	549355.224	9797845.359	84.727097
561	3	8921	0.760759	13	0.454552	4.677215	549343.225	9797897.424	81.659599
562	3	8922	0.754393	13	0.446977	4.599089	549353.139	9797959.763	79.041901
563	3	8926	0.757576	12	0.450757	4.334604	549321.001	9797980.883	78.635498
564	3	8928	0.665266	13	0.347601	3.574555	549322.899	9798011.39	77.822098
565	3	8929	0.665266	11	0.347601	3.103757	549326.571	9798014.815	77.822098
566	3	8930	0.668449	17	0.350935	4.527632	549339.918	9798017.907	77.473
567	3	8933	1.22549	18	1.179532	16.014908	549329.474	9798060.355	76.9842
568	3	8934	0.684365	16	0.367845	4.509174	549346.049	9798074.278	75.280602
569	3	8935	0.636618	14	0.318308	3.484274	549342.718	9798095.281	75.280602
570	3	8937	0.6589	16	0.34098	4.179137	549337.055	9798134.19	71.952797
571	3	8938	0.636618	17	0.318308	4.105794	549322.262	9798133.973	73.515404
572	3	8939	0.6589	16	0.34098	4.179137	549331.277	9798156.851	73.515404
573	3	8940	0.754393	17	0.446977	5.769865	549347.851	9798163.258	70.020401
574	3	8941	0.560224	11	0.246498	2.1993	549371.763	9798159.604	70.279297
575	3	8942	0.572956	14	0.25783	2.820924	549369.868	9798142.804	70.279297
576	3	8943	0.611154	13	0.293353	3.015547	549358.413	9798149.77	71.952797
577	3	8944	0.865801	14	0.588743	6.453437	549380.773	9798167.119	68.146103
578	3	8946	0.639801	13	0.321499	3.305562	549352.759	9798222.172	67.266602
579	3	8947	0.598421	16	0.281257	3.445668	549359.928	9798428.869	67.655998
580	3	8948	0.579323	12	0.263591	2.53171	549386.065	9798427.426	67.716301
581	3	8950	0.595238	12	0.278273	2.673052	549375.84	9798455.394	72.425499
582	3	8952	0.773491	14	0.469895	5.148082	549351.264	9798474.633	77.417801
583	3	8953	0.70028	13	0.385153	3.96164	549346.817	9798480.161	77.417801
584	3	8956	0.636618	10	0.318308	2.621656	549329.577	9798480.275	76.814697
585	3	8957	1.104533	16	0.95818	11.771031	549329.245	9798485.36	76.814697
586	3	8958	0.636618	16	0.318308	3.900665	549342.043	9798514.87	80.850502
587	3	8959	0.789407	14	0.489431	5.362608	549346.047	9798516.416	80.850502
588	3	8960	0.910364	17	0.650909	8.409463	549344.053	9798550.461	83.555496
589	3	8961	1.018589	16	0.814869	10.006846	549353.51	9798560.628	83.555496
590	3	8966	0.795773	18	0.497357	6.739678	549284.779	9798579.436	83.763802
591	3	8968	0.687548	10	0.371275	3.058959	549261.081	9798549.045	80.973503
592	3	8969	0.572956	12	0.25783	2.476251	549264.195	9798548.16	80.973503
593	3	8972	0.958111	16	0.720976	8.851373	549310.901	9798519.078	80.128998
594	3	8973	0.954927	13	0.716194	7.376975	549310.675	9798503.492	80.128998
595	3	8974	0.639801	13	0.321499	3.305562	549306.781	9798499.293	76.814697
596	3	8975	0.719379	16	0.406448	4.9835	549305.001	9798496.751	76.112602
597	3	8977	1.114082	16	0.974819	11.975909	549309.003	9798487.907	76.814697
598	3	8981	0.601604	13	0.284257	2.92184	549297.206	9798457.071	72.046501
599	3	8982	1.18411	12	1.10122	10.610948	549301.208	9798449.996	72.046501
600	3	8987	1.028139	17	0.83022	10.731959	549314.439	9798432.418	67.763901
601	3	8991	0.709829	13	0.395729	4.07067	549329.742	9798247.932	66.961601
602	3	8992	0.662083	12	0.344282	3.308711	549315.376	9798170.893	71.753601
603	3	8993	0.579323	10	0.263591	2.170072	549309.928	9798180.511	71.753601
604	3	8995	0.592055	12	0.275305	2.644476	549294.893	9798099.603	76.694199
605	3	8996	0.563407	12	0.249307	2.394216	549301.23	9798089.432	76.694199
606	3	8998	0.572956	12	0.25783	2.476251	549312.458	9798064.228	76.9842
607	3	9002	0.795773	18	0.497357	6.739678	549314.117	9798028.304	77.822098
608	3	9004	0.407436	12	0.130379	1.250268	549293.868	9798000.896	79.3582
609	3	9005	0.604787	16	0.287273	3.519538	549292.639	9797980.005	79.3582
610	3	9006	0.595238	16	0.278273	3.409028	549279.96	9797978.793	79.3582
611	3	9007	0.642984	16	0.324706	3.979247	549264.167	9797980.455	80.366402
612	3	9008	0.662083	18	0.344282	4.661507	549267.499	9797961.773	80.649803
613	3	9012	0.604787	12	0.287273	2.759704	549267.159	9797935.687	81.102699
614	3	9013	0.56659	14	0.252132	2.758447	549300.41	9797918.325	80.4944
615	3	9018	0.57614	12	0.260703	2.503903	549299.597	9797778.941	87.485901
616	3	9020	0.722562	12	0.410053	3.942346	549277.022	9797794.201	86.045898
617	3	9021	0.636618	12	0.318308	3.058549	549272.344	9797765.021	87.634903
618	3	9023	0.636618	12	0.318308	3.058549	549261.663	9797750.543	88.806396
619	3	9024	0.585689	13	0.269416	2.768956	549258.548	9797748.776	88.806396
620	3	9026	0.579323	13	0.263591	2.708955	549297.582	9797727.654	89.141899
621	3	9027	1.301884	14	1.331174	14.618306	549313.932	9797727.981	89.409798
622	3	9028	0.636618	16	0.318308	3.900665	549314.822	9797730.302	88.852798
623	3	9029	0.611154	12	0.293353	2.818241	549325.501	9797737.816	88.852798
624	3	9030	0.74166	14	0.432016	4.732195	549321.166	9797748.318	88.852798
625	3	9031	0.636618	14	0.318308	3.484274	549269.551	9797716.276	88.887901
626	3	9032	0.592055	16	0.275305	3.372584	549270.661	9797705.222	88.887901
627	3	9033	0.61752	12	0.299496	2.877395	549261.535	9797683.891	88.216797
628	3	9034	0.75121	12	0.443213	4.261897	549258.53	9797676.486	88.216797
629	3	9035	0.639801	15	0.321499	3.730655	549305.018	9797661.663	88.063904
630	3	9037	1.499236	18	1.765346	23.990474	549327.376	9797671.937	89.299202
631	3	9038	1.40056	12	1.540613	14.855996	549258.295	9797624.645	85.8834
632	3	9039	0.502928	12	0.198656	1.906817	549236.393	9797660.022	86.842697
633	3	9040	0.954927	16	0.716194	8.792525	549225.951	9797709.433	88.8284
634	3	9042	0.74166	13	0.432016	4.444815	549244.642	9797732.531	88.806396
635	3	9043	0.595238	12	0.278273	2.673052	549250.429	9797747.23	88.806396
636	3	9045	0.827604	10	0.537941	4.435832	549228.414	9797776.969	88.0886
637	3	9046	0.821238	12	0.529697	5.095568	549239.764	9797796.2	86.752502
638	3	9047	0.61752	12	0.299496	2.877395	549261.457	9797818.854	86.139503
639	3	9048	1.040871	18	0.85091	11.544613	549271.244	9797816.199	86.139503
640	3	9049	0.655717	12	0.337693	3.245247	549228.537	9797822.288	86.752502
641	3	9050	0.572956	14	0.25783	2.820924	549221.656	9797882.974	84.035202
642	3	9051	0.789407	13	0.489431	5.036944	549239.787	9797890.043	83.039101
643	3	9052	0.75121	16	0.443213	5.435333	549246.462	9797896.453	81.925201
644	3	9053	0.630252	10	0.311974	2.569369	549253.806	9797912.036	81.925201
645	3	9057	0.674815	13	0.357651	3.678146	549228.014	9797958.467	81.892998
646	3	9058	0.853069	18	0.571555	7.747554	549247.046	9798010.966	79.773201
647	3	9059	0.592055	12	0.275305	2.644476	549230.364	9798015.613	81.1418
648	3	9060	0.687548	11	0.371275	3.315637	549221.022	9798018.268	81.1418
649	3	9063	0.582506	12	0.266496	2.559671	549227.483	9798059.385	80.339798
650	3	9064	0.636618	14	0.318308	3.484274	549233.935	9798064.247	80.339798
651	3	9065	0.668449	18	0.350935	4.751787	549251.618	9798060.374	78.754601
652	3	9066	0.588872	8	0.272353	1.85686	549249.403	9798099.062	77.7257
653	3	9067	0.757576	17	0.450757	5.818768	549244.739	9798127.47	76.573502
654	3	9068	0.595238	12	0.278273	2.673052	549235.846	9798147.921	77.408897
655	3	9069	0.636618	15	0.318308	3.693544	549236.073	9798165.496	76.172096
656	3	9070	0.652534	13	0.334423	3.43874	549245.863	9798177.432	75.065498
657	3	9073	0.630252	12	0.311974	2.997549	549208.607	9798191.147	76.951202
658	3	9074	0.439267	14	0.151547	1.656095	549231.646	9798253.372	70.5439
659	3	9077	0.627069	13	0.308831	3.175019	549297.598	9798242.082	69.068398
660	3	9083	0.824421	12	0.533811	5.135234	549209.35	9798495.559	72.796204
661	3	9084	0.604787	10	0.287273	2.365498	549239.612	9798536.67	80.116699
662	3	9085	0.636618	16	0.318308	3.900665	549219.935	9798572.488	83.154297
663	3	9086	0.636618	13	0.318308	3.272679	549149.201	9798586.883	78.2528
664	3	9092	0.611154	13	0.293353	3.015547	549139.505	9798506.629	72.679298
665	3	9093	0.61752	11	0.299496	2.673333	549144.732	9798506.628	72.679298
666	3	9095	0.614337	16	0.296417	3.631815	549203.192	9798331.417	63.4538
667	3	9100	0.614337	6	0.296417	1.584929	549214.183	9798250.613	70.5439
668	3	9102	0.553858	12	0.240928	2.313566	549184.257	9798221.882	74.207001
669	3	9104	0.70028	13	0.385153	3.96164	549170.13	9798212.379	74.319901
670	3	9105	0.706646	10	0.392188	3.231659	549164.229	9798188.173	77.099602
671	3	9107	0.541126	11	0.229978	2.051584	549182.462	9798159.541	79.287201
672	3	9108	0.496562	11	0.193659	1.726922	549187.353	9798146.607	78.594398
673	3	9109	0.572956	11	0.25783	2.300637	549192.799	9798131.683	78.594398
674	3	9110	0.728928	16	0.41731	5.116987	549187.902	9798119.636	79.715797
675	3	9112	0.595238	6	0.278273	1.487704	549183.336	9798091.672	80.839897
676	3	9113	0.999491	13	0.784598	8.083217	549188.116	9798082.939	80.839897
677	3	9118	0.541126	12	0.229978	2.208186	549182.212	9798047.569	82.209702
678	3	9119	0.636618	12	0.318308	3.058549	549197.446	9798032.533	82.5056
679	3	9120	0.541126	12	0.229978	2.208186	549210.347	9798027.777	82.5056
680	3	9121	0.636618	10	0.318308	2.621656	549203.782	9798016.283	82.5056
681	3	9123	0.665266	12	0.347601	3.340674	549190.314	9797976.383	83.246902
682	3	9125	1.075885	16	0.909121	11.167028	549200.541	9797954.163	83.246902
683	3	9126	0.646168	14	0.327929	3.589827	549174.173	9797921.562	85.499001
684	3	9127	0.318309	8	0.079577	0.541045	549169.836	9797923.663	85.499001
685	3	9128	0.636618	12	0.318308	3.058549	549165.054	9797924.77	85.499001
686	3	9129	0.687548	16	0.371275	4.551312	549181.952	9797891.273	86.164001
687	3	9130	0.958111	13	0.720976	7.426348	549166.822	9797876.023	86.877701
688	3	9132	0.732111	10	0.420963	3.469321	549197.739	9797865.294	85.255402
689	3	9133	0.853069	11	0.571555	5.109173	549196.622	9797848.825	86.149696
690	3	9134	0.652534	13	0.334423	3.43874	549199.956	9797835.228	86.149696
691	3	9135	0.668449	16	0.350935	4.301428	549187.941	9797824.62	86.149696
692	3	9137	0.636618	12	0.318308	3.058549	549192.5	9797819.534	87.565399
693	3	9138	0.636618	12	0.318308	3.058549	549201.17	9797799.083	87.565399
694	3	9139	0.636618	12	0.318308	3.058549	549181.703	9797783.724	88.783699
695	3	9142	0.662083	14	0.344282	3.769256	549216.053	9797716.068	88.8284
696	3	9145	0.60797	17	0.290305	3.743811	549202.47	9797658.704	86.876801
697	3	9146	0.534759	14	0.224598	2.456576	549197.575	9797654.173	86.876801
698	3	9148	0.451999	8	0.160459	1.092686	549222.596	9797636.703	85.754204
699	3	9149	0.996308	12	0.779609	7.506189	549225.595	9797620.232	85.754204
700	3	9150	1.018589	16	0.814869	10.006846	549132.619	9797642.583	88.289398
701	3	9151	1.002674	10	0.789604	6.516652	549148.751	9797661.038	88.289398
702	3	9153	0.56659	12	0.252132	2.421407	549139.078	9797677.51	88.5849
703	3	9154	0.728928	13	0.41731	4.293179	549126.398	9797672.871	88.5849
704	3	9159	0.614337	11	0.296417	2.645782	549151.228	9797786.605	89.018898
705	3	9160	0.6589	13	0.34098	3.506318	549168.804	9797797.322	88.482002
706	3	9163	0.623886	12	0.305703	2.937164	549172.262	9797835.898	87.534302
707	3	9164	0.572956	13	0.25783	2.649613	549163.816	9797866.408	86.877701
708	3	9165	0.878533	14	0.606187	6.645076	549143.358	9797892.499	87.837303
709	3	9166	0.582506	12	0.266496	2.559671	549130.904	9797905.877	87.837303
710	3	9169	0.735294	14	0.424631	4.651124	549120.68	9797939.592	87.910797
711	3	9171	0.735294	18	0.424631	5.752129	549150.608	9797977.83	83.9701
712	3	9173	0.795773	12	0.497357	4.783785	549160.847	9798004.024	83.2892
713	3	9174	0.79259	16	0.493386	6.052094	549169.523	9798008.001	82.434402
714	3	9175	0.557041	12	0.243705	2.340295	549142.392	9798035.199	82.847603
715	3	9176	0.760759	12	0.454552	4.371188	549172.204	9798053.541	82.209702
716	3	9178	0.795773	13	0.497357	5.118698	549151.416	9798096.322	81.9366
717	3	9184	0.614337	15	0.296417	3.438969	549118.289	9798166.299	78.094002
718	3	9186	0.719379	9	0.406448	3.063995	549122.303	9798209.406	74.985397
719	3	9187	0.480647	12	0.181444	1.741246	549139.879	9798220.456	74.985397
720	3	9190	0.445633	10	0.155971	1.282551	549148.779	9798230.18	72.777603
721	3	9193	0.620703	8	0.302592	2.063515	549126.215	9798284.79	68.432602
722	3	9194	0.78304	11	0.481569	4.303124	549125.44	9798301.923	68.432602
723	3	9198	0.681182	14	0.364431	3.99036	549100.481	9798567.986	75.908401
724	3	9199	0.919913	12	0.664636	6.396915	549051.212	9798580.156	75.439796
725	3	9200	0.636618	13	0.318308	3.272679	549056.213	9798561.807	72.095703
726	3	9203	0.579323	12	0.263591	2.53171	549077.895	9798536.489	72.5056
727	3	9204	0.636618	16	0.318308	3.900665	549077.448	9798527.536	69.985802
728	3	9209	0.588872	11	0.272353	2.430525	549101.876	9798362.723	68.035103
729	3	9210	0.954927	17	0.716194	9.254908	549073.515	9798366.488	68.527
730	3	9214	0.588872	13	0.272353	2.799204	549100.18	9798248.652	74.328598
731	3	9215	0.604787	12	0.287273	2.759704	549094.508	9798249.648	74.328598
732	3	9216	0.557041	14	0.243705	2.666045	549088.832	9798236.938	75.373497
733	3	9217	0.630252	14	0.311974	3.414783	549089.72	9798227.432	75.373497
734	3	9218	0.70028	15	0.385153	4.471105	549095.056	9798218.477	76.211998
735	3	9219	0.343774	10	0.092819	0.762358	549088.941	9798226.658	75.373497
736	3	9222	0.537942	15	0.22728	2.635284	549059.126	9798197.484	77.608902
737	3	9224	0.630252	12	0.311974	2.997549	549068.907	9798167.748	78.820503
738	3	9225	0.668449	10	0.350935	2.89101	549064.675	9798144.979	80.738098
739	3	9226	0.954927	16	0.716194	8.792525	549076.129	9798139.781	80.738098
740	3	9227	0.541126	12	0.229978	2.208186	549082.913	9798135.137	80.738098
741	3	9228	0.738477	12	0.428316	4.118334	549112.602	9798106.391	81.397697
742	3	9229	0.579323	10	0.263591	2.170072	549112.925	9798064.498	82.602798
743	3	9230	0.690731	14	0.374721	4.103281	549096.909	9798062.954	82.602798
744	3	9232	0.722562	14	0.410053	4.491088	549059.541	9798072.691	84.193703
745	3	9236	0.550675	12	0.238166	2.28699	549099.456	9798016.64	83.1073
746	3	9238	0.604787	14	0.287273	3.143832	549120.586	9798007.792	83.1073
747	3	9239	0.636618	13	0.318308	3.272679	549085.215	9798001.169	85.576599
748	3	9240	0.668449	16	0.350935	4.301428	549080.766	9797998.075	85.576599
749	3	9242	0.805322	16	0.509365	6.248549	549072.867	9797988.46	85.576599
750	3	9243	0.563407	13	0.249307	2.561835	549076.309	9797966.795	87.4468
751	3	9244	0.642984	13	0.324706	3.338609	549083.317	9797968.451	87.4468
752	3	9245	0.703463	12	0.388663	3.736244	549103.339	9797979.057	84.4757
753	3	9246	0.413802	10	0.134485	1.105504	549113.682	9797975.628	86.197403
754	3	9247	0.674815	12	0.357651	3.437487	549093.546	9797957.063	86.197403
755	3	9250	0.509295	12	0.203717	1.955507	549115.44	9797887.863	89.352501
756	3	9255	0.588872	13	0.272353	2.799204	549092.73	9797804.084	89.628998
757	3	9257	0.636618	14	0.318308	3.484274	549103.289	9797775.563	89.329597
758	3	9258	0.595238	12	0.278273	2.673052	549104.066	9797769.263	89.329597
759	3	9259	0.859435	13	0.580117	5.972517	549080.708	9797761.199	89.897202
760	3	9261	0.620703	11	0.302592	2.701026	549053.455	9797748.384	90.306602
761	3	9262	0.636618	12	0.318308	3.058549	549050.118	9797747.501	90.306602
762	3	9263	0.630252	12	0.311974	2.997549	549052.898	9797744.073	90.306602
763	3	9264	0.572956	12	0.25783	2.476251	549056.232	9797735.34	90.306602
764	3	9265	0.684365	14	0.367845	4.027825	549063.566	9797707.373	89.403
765	3	9269	0.572956	11	0.25783	2.300637	549119.376	9797613.958	88.310303
766	3	9272	0.732111	14	0.420963	4.610851	549061.77	9797639.837	89.072197
767	3	9276	0.649351	16	0.331168	4.058614	549044.875	9797684.718	89.7948
768	3	9277	0.684365	13	0.367845	3.78322	549041.317	9797688.809	89.7948
769	3	9278	0.891266	13	0.623884	6.42417	549034.756	9797694.337	89.7948
770	3	9279	0.588872	13	0.272353	2.799204	549030.432	9797748.721	90.306602
771	3	9282	0.716196	11	0.402859	3.598357	549022.655	9797782.105	91.705597
772	3	9283	0.668449	12	0.350935	3.372791	549030.683	9797863.567	91.286499
773	3	9284	0.636618	16	0.318308	3.900665	549044.495	9797947.569	88.690697
774	3	9286	0.757576	10	0.450757	3.715434	549047.396	9797987.472	86.827202
775	3	9288	1.145913	18	1.031319	13.998348	549019.392	9798082.649	85.275803
776	3	9289	0.553858	11	0.240928	2.14949	549031.307	9798141.892	81.621597
777	3	9290	0.627069	13	0.308831	3.175019	549053.116	9798178.032	79.593697
778	3	9292	0.436084	10	0.149358	1.228054	549018.876	9798246.019	76.742996
779	3	9295	0.588872	14	0.272353	2.980186	549030.119	9798285.366	73.149597
780	3	9296	0.671632	12	0.354285	3.405062	549017.441	9798290.012	73.565201
781	3	9297	0.458365	12	0.165011	1.58321	549040.466	9798301.06	73.149597
782	3	9303	0.585689	17	0.269416	3.473841	549033.816	9798395.126	67.124199
783	3	9304	0.579323	12	0.263591	2.53171	549040.937	9798407.946	67.067703
784	3	9307	0.636618	12	0.318308	3.058549	548973.579	9798579.181	75.986702
785	3	9308	1.7507	16	2.407207	29.633373	548989.587	9798549.775	72.4105
786	3	9309	0.652534	14	0.334423	3.661072	548974.682	9798543.478	72.4105
787	3	9310	0.703463	17	0.388663	5.01553	548990.472	9798528.883	69.635101
788	3	9314	0.604787	12	0.287273	2.759704	549010.563	9798364.514	69.206398
789	3	9315	0.662083	10	0.344282	2.836083	549003.329	9798345.282	71.315002
790	3	9319	0.61752	13	0.299496	3.078841	549007.277	9798115.922	84.351997
791	3	9320	0.579323	12	0.263591	2.53171	548994.708	9798114.268	84.1278
792	3	9321	0.572956	8	0.25783	1.757628	548991.152	9798127.533	84.1278
793	3	9322	0.611154	12	0.293353	2.818241	548947.099	9798090.625	85.537102
794	3	9323	0.560224	13	0.246498	2.532905	548945.65	9798076.477	85.537102
795	3	9326	0.668449	14	0.350935	3.842256	549007.04	9798058.002	85.967201
796	3	9329	0.668449	12	0.350935	3.372791	549021.816	9797989.357	88.2229
797	3	9331	0.572956	11	0.25783	2.300637	549019.03	9797967.03	89.797798
798	3	9333	0.639801	12	0.321499	3.089281	549005.002	9797912.429	91.413002
799	3	9336	0.636618	18	0.318308	4.309065	549002.547	9797876.064	91.610001
800	3	9337	0.572956	12	0.25783	2.476251	549016.555	9797852.185	91.585403
801	3	9338	0.954927	12	0.716194	6.894304	549014.764	9797806.535	91.887604
802	3	9340	0.56659	12	0.252132	2.421407	548999.069	9797752.929	91.3647
803	3	9343	0.70028	12	0.385153	3.702432	549009.07	9797718.108	91.0364
804	3	9346	0.773491	14	0.469895	5.148082	548963.113	9797628.476	91.175598
805	3	9348	0.595238	16	0.278273	3.409028	548943.904	9797759.022	94.679901
806	3	9349	0.636618	12	0.318308	3.058549	548943.567	9797746.2	94.679901
807	3	9350	0.913547	10	0.655469	5.40736	548933.336	9797751.398	96.339401
808	3	9353	0.684365	16	0.367845	4.509174	548931.127	9797814.624	94.967697
809	3	9354	0.560224	12	0.246498	2.367179	548925.013	9797825.458	93.851097
810	3	9357	0.878533	17	0.606187	7.830416	548936.601	9797912.446	92.158699
811	3	9358	0.789407	14	0.489431	5.362608	548943.164	9797915.318	91.623901
812	3	9360	0.986758	12	0.764736	7.362671	548937.164	9797942.732	91.623901
813	3	9361	0.636618	16	0.318308	3.900665	548939.838	9797959.975	90.891296
814	3	9362	0.652534	12	0.334423	3.213746	548938.173	9797973.129	90.891296
815	3	9365	0.722562	15	0.410053	4.760827	548944.072	9797991.587	89.942802
816	3	9366	0.910364	12	0.650909	6.264502	548927.839	9798011.929	88.891602
817	3	9367	0.604787	12	0.287273	2.759704	548949.977	9798033.146	88.765701
818	3	9370	0.722562	13	0.410053	4.21835	548929.976	9798110.967	82.976097
819	3	9372	0.763942	15	0.458364	5.323068	548928.546	9798176.846	79.515999
820	3	9377	0.697097	13	0.38166	3.925627	548924.453	9798267.375	75.998802
