ID	UT	N_Arvore	DAP	HC	G	Volume	X	Y	Z
1	3	8000	0.52521	12	0.216649	2.079924	550481.813	9797693.973	60.309101
2	3	8002	0.636618	6	0.318308	1.702255	550473.9946	9797782.376	66.265602
3	3	8006	0.515661	12	0.208842	2.004812	550470.1115	9797776.907	66.265602
4	3	8008	0.518844	13	0.211428	2.171795	550472.5486	9797821.323	68.247002
5	3	8009	0.509295	14	0.203717	2.227697	550482.4466	9797818.336	67.056503
6	3	8010	0.515661	13	0.208842	2.145169	550471.3276	9797832.045	70.039001
7	3	8012	0.493379	13	0.191184	1.963399	550454.0906	9797843.987	70.039001
8	3	8014	0.620703	12	0.302592	2.907202	550478.6746	9797859.124	69.7659
9	3	8015	0.572956	16	0.25783	3.158041	550456.3216	9797869.299	70.452904
10	3	8018	0.493379	12	0.191184	1.834935	550481.4547	9797919.406	71.016296
11	3	8020	0.557041	12	0.243705	2.340295	550469.4621	9797977.404	74.533401
12	3	8021	0.490196	13	0.188725	1.93809	550456.3391	9797980.391	74.533401
13	3	8027	0.522027	10	0.214031	1.761228	550479.954	9798064.934	75.935402
14	3	8029	0.70028	12	0.385153	3.702432	550473.952	9798079.305	77.045502
15	3	8031	0.954927	13	0.716194	7.376975	550481.1223	9798119.091	77.908501
16	3	8032	0.487013	10	0.186282	1.53241	550476.7863	9798126.609	77.767998
17	3	8034	0.52521	10	0.216649	1.78282	550472.3824	9798168.423	81.467003
18	3	8035	0.78304	16	0.481569	5.906817	550462.4854	9798173.842	81.467003
19	3	8037	0.496562	12	0.193659	1.858742	550478.0815	9798337.778	84.1315
20	3	8046	0.477464	12	0.179048	1.718208	550481.213	9798569.856	80.161003
21	3	8049	0.763942	10	0.458364	3.778283	550428.811	9798582.913	78.600998
22	3	8051	0.515661	13	0.208842	2.145169	550457.725	9798567.762	79.442001
23	3	8052	0.620703	12	0.302592	2.907202	550463.061	9798554.054	78.594101
24	3	8055	0.795773	14	0.497357	5.449648	550474.365	9798392.339	82.180496
25	3	8057	0.611154	12	0.293353	2.818241	550457.451	9798361.615	82.910599
26	3	8062	0.811688	16	0.51745	6.347955	550430.371	9798150.28	78.821899
27	3	8063	0.518844	11	0.211428	1.885752	550440.713	9798145.966	78.821899
28	3	8066	1.273237	11	1.273234	11.402069	550437.039	9798131.376	78.821899
29	3	8067	0.572956	16	0.25783	3.158041	550440.034	9798098.768	76.7696
30	3	8068	0.789407	16	0.489431	6.003472	550454.048	9798097.106	77.045502
31	3	8069	0.471098	10	0.174306	1.433675	550462.605	9798071.46	77.045502
32	3	8073	0.496562	16	0.193659	2.370513	550436.667	9797979.06	74.491798
33	3	8075	0.585689	12	0.269416	2.587785	550456.354	9797979.939	74.533401
34	3	8076	0.502928	13	0.198656	2.040313	550458.131	9797969.88	72.798401
35	3	8078	0.515661	11	0.208842	1.862633	550473.031	9797956.17	72.798401
36	3	8083	0.531576	8	0.221933	1.512406	550448.322	9797884.55	70.753403
37	3	8084	0.506112	12	0.201179	1.931085	550453.657	9797873.163	70.452904
38	3	8086	0.862618	12	0.584422	5.623255	550487.582	9797881.003	69.7659
39	3	8096	0.560224	12	0.246498	2.367179	550477.9127	9797733.183	63.507801
40	3	8100	0.798956	13	0.501344	5.159822	550460.826	9797633.964	58.030701
41	3	8103	1.044054	14	0.856122	9.392189	550413.562	9797654.315	61.981899
42	3	8106	1.085434	18	0.92533	12.556673	550414.684	9797692.559	63.3568
43	3	8109	0.531576	12	0.221933	2.130767	550418.03	9797729.146	63.645401
44	3	8110	0.604787	14	0.287273	3.143832	550422.929	9797748.377	65.134697
45	3	8111	0.611154	12	0.293353	2.818241	550431.272	9797753.57	65.134697
46	3	8113	0.636618	14	0.318308	3.484274	550447.743	9797795.238	68.247002
47	3	8117	0.684365	13	0.367845	3.78322	550413.83	9797834.155	70.7976
48	3	8121	0.531576	18	0.221933	3.001951	550399.058	9797915.843	70.846199
49	3	8123	0.668449	16	0.350935	4.301428	550409.974	9797977.74	73.507599
50	3	8125	0.528393	16	0.219283	2.684916	550404.536	9798026.819	74.783798
51	3	8126	0.595238	12	0.278273	2.673052	550416.886	9798042.622	76.388901
52	3	8130	0.954927	16	0.716194	8.792525	550416.678	9798101.206	77.312202
53	3	8132	0.528393	12	0.219283	2.105269	550403.778	9798108.946	76.0121
54	3	8133	1.273237	15	1.273234	14.820329	550389.765	9798110.829	76.0121
55	3	8136	1.295518	10	1.318187	10.891634	550390.677	9798201.467	79.139099
56	3	8139	0.541126	12	0.229978	2.208186	550417.491	9798237.826	81.568703
57	3	8140	0.52521	11	0.216649	1.932418	550415.934	9798239.153	81.568703
58	3	8142	0.954927	14	0.716194	7.853934	550431.398	9798253.629	81.568703
59	3	8143	0.595238	11	0.278273	2.483481	550412.609	9798285.578	78.2929
60	3	8145	0.636618	16	0.318308	3.900665	550381.242	9798274.864	75.649399
61	3	8147	0.52521	11	0.216649	1.932418	550392.706	9798307.027	78.2929
62	3	8153	0.477464	14	0.179048	1.957369	550413.513	9798342.172	78.683296
63	3	8154	0.557041	12	0.243705	2.340295	550406.618	9798343.611	78.683296
64	3	8156	0.970843	16	0.740266	9.088728	550385.816	9798332.01	78.683296
65	3	8158	1.257321	12	1.241602	11.966847	550444.661	9798364.603	81.210503
66	3	8159	0.757576	14	0.450757	4.937944	550454.342	9798381.512	82.180496
67	3	8160	0.289661	11	0.065898	0.58621	550434.434	9798386.049	80.935097
68	3	8162	0.502928	10	0.198656	1.634441	550406.521	9798400.868	79.152199
69	3	8163	0.534759	18	0.224598	3.038092	550441.343	9798439.214	78.157799
70	3	8164	0.512478	15	0.206272	2.391173	550447.692	9798474.363	78.205803
71	3	8165	0.604787	9	0.287273	2.16391	550436.015	9798478.898	77.230301
72	3	8167	0.52521	12	0.216649	2.079924	550405.327	9798517.261	76.581398
73	3	8173	1.241406	10	1.210368	9.99885	550357.512	9798559.166	75.854698
74	3	8174	0.572956	12	0.25783	2.476251	550373.191	9798546.34	75.854698
75	3	8177	0.630252	12	0.311974	2.997549	550357.153	9798457.805	75.580299
76	3	8178	0.954927	16	0.716194	8.792525	550377.505	9798454.595	75.580299
77	3	8182	0.531576	13	0.221933	2.279943	550377.035	9798350.913	76.319
78	3	8183	0.954927	12	0.716194	6.894304	550378.466	9798292.772	75.524498
79	3	8185	0.636618	16	0.318308	3.900665	550356.524	9798169.752	75.3451
80	3	8187	1.018589	12	0.814869	7.846464	550372.634	9798102.764	74.101196
81	3	8189	0.493379	12	0.191184	1.834935	550354.584	9797973.554	70.378998
82	3	8191	0.496562	16	0.193659	2.370513	550341.569	9797966.704	67.773598
83	3	8197	0.795773	14	0.497357	5.449648	550378.264	9797932.871	69.590897
84	3	8198	0.547492	12	0.235421	2.260568	550370.142	9797921.93	69.590897
85	3	8206	0.52521	12	0.216649	2.079924	550368.781	9797816.259	70.275299
86	3	8210	0.528393	10	0.219283	1.804545	550397.677	9797730.588	65.981499
87	3	8219	0.604787	16	0.287273	3.519538	550308.24	9797673.464	65.083801
88	3	8224	0.541126	14	0.229978	2.515548	550342.4	9797735.244	67.7938
89	3	8227	0.534759	12	0.224598	2.15642	550306.262	9797767.861	68.781601
90	3	8228	0.522027	12	0.214031	2.054733	550324.632	9797841.03	70.8302
91	3	8231	0.557041	13	0.243705	2.50414	550321.092	9797918.184	65.218201
92	3	8233	0.859435	14	0.580117	6.358671	550302.749	9797951.902	64.564201
93	3	8235	0.636618	13	0.318308	3.272679	550243.187	9798162.928	57.958199
94	3	8239	0.541126	13	0.229978	2.362782	550286.587	9798256.318	63.239201
95	3	8241	0.74166	12	0.432016	4.153994	550282.034	9798286.275	63.807301
96	3	8243	0.522027	12	0.214031	2.054733	550288.503	9798356.02	65.2248
97	3	8244	0.528393	15	0.219283	2.54235	550284.611	9798358.564	65.2248
98	3	8247	0.611154	16	0.293353	3.594193	550310.008	9798511.205	70.434502
99	3	8249	0.87535	10	0.601802	4.963676	550285.997	9798564.931	66.747803
100	3	8251	0.557041	9	0.243705	1.835048	550290.784	9798580.294	66.747803
101	3	8252	0.563407	12	0.249307	2.394216	550225.713	9798560.193	56.545601
102	3	8253	0.572956	12	0.25783	2.476251	550250.141	9798397.591	60.913799
103	3	8255	0.487013	13	0.186282	1.912946	550234.284	9798144.36	57.933899
104	3	8256	0.614337	14	0.296417	3.244123	550253.519	9798117.606	57.785198
105	3	8259	0.499745	16	0.19615	2.401071	550277.379	9797906.037	64.320297
106	3	8260	0.579323	16	0.263591	3.22877	550260.796	9797863.485	62.369301
107	3	8261	0.859435	16	0.580117	7.11857	550261.684	9797859.284	65.7957
108	3	8262	0.512478	15	0.206272	2.391173	550262.24	9797855.415	65.7957
109	3	8267	0.477464	11	0.179048	1.596355	550302.267	9797804.117	69.590302
110	3	8270	0.458365	8	0.165011	1.123753	550289.239	9797747.858	65.894302
111	3	8273	0.763942	16	0.458364	5.621569	550253.522	9797688.4	61.756901
112	3	8276	0.579323	10	0.263591	2.170072	550272.983	9797675.573	63.9011
113	3	8279	0.512478	11	0.206272	1.839657	550277.083	9797616.767	60.563499
114	3	8280	0.588872	13	0.272353	2.799204	550242.718	9797624.735	58.900299
115	3	8281	0.636618	14	0.318308	3.484274	550229.193	9797801.704	59.995098
116	3	8282	0.6589	10	0.34098	2.808818	550161.913	9798281.662	54.592701
117	3	8283	0.677998	12	0.361033	3.470066	550177.227	9798587.287	54.617298
118	3	8284	0.534759	16	0.224598	2.750151	550129.836	9798545.295	55.249802
119	3	8286	0.636618	14	0.318308	3.484274	550168.081	9798486.15	54.592701
120	3	8287	0.636618	12	0.318308	3.058549	550166.744	9798476.755	54.592701
121	3	8288	0.509295	12	0.203717	1.955507	550125.518	9798181.085	54.592701
122	3	8289	0.515661	13	0.208842	2.145169	550130.853	9798167.267	54.592701
123	3	8290	0.467914	12	0.171958	1.650017	550138.851	9798127.804	54.592701
124	3	8293	0.509295	10	0.203717	1.676176	550090.73	9797834.568	55.360699
125	3	8296	0.512478	12	0.206272	1.980083	550090.628	9797870.823	55.636002
126	3	8301	0.572956	12	0.25783	2.476251	550069.992	9798077.638	54.592701
127	3	8302	0.557041	13	0.243705	2.50414	550109.693	9798054.195	54.592701
128	3	8307	0.541126	16	0.229978	2.81617	550062.769	9798104.39	55.115501
129	3	8309	0.725745	10	0.413674	3.409113	550109.399	9798212.591	54.592701
130	3	8312	0.954927	10	0.716194	5.909498	550109.523	9798263.437	55.896801
131	3	8313	0.763942	16	0.458364	5.621569	550108.748	9798276.923	55.896801
132	3	8314	0.496562	12	0.193659	1.858742	550133.669	9798309.303	55.968399
133	3	8315	0.477464	12	0.179048	1.718208	550129.667	9798313.725	55.968399
134	3	8316	0.913547	12	0.655469	6.308486	550143.799	9798342.792	54.592701
135	3	8319	0.560224	13	0.246498	2.532905	550108.586	9798520.762	55.422401
136	3	8323	0.636618	12	0.318308	3.058549	550062.321	9798534.48	59.6259
137	3	8324	0.480647	11	0.181444	1.617759	550065.21	9798523.205	59.830601
138	3	8326	0.728928	12	0.41731	4.012279	550060.644	9798498.556	59.810902
139	3	8328	0.496562	11	0.193659	1.726922	550081.996	9798489.266	57.568699
140	3	8331	1.088617	14	0.930766	10.212993	550061.489	9798319.048	59.895
141	3	8333	1.098167	13	0.947166	9.762187	550066.145	9798258.584	60.527802
142	3	8338	0.515661	13	0.208842	2.145169	550040.422	9798138.108	57.067402
143	3	8340	0.604787	11	0.287273	2.563988	550027.832	9798051.231	54.592701
144	3	8341	0.477464	13	0.179048	1.8385	550031.809	9797940.696	58.800598
145	3	8347	0.522027	9	0.214031	1.611136	549991.155	9797710.573	59.3633
146	3	8358	0.557041	14	0.243705	2.666045	549979.595	9798181.895	58.6096
147	3	8360	0.547492	12	0.235421	2.260568	549967.806	9798184.661	58.6096
148	3	8361	0.502928	13	0.198656	2.040313	549959.36	9798212.076	61.277802
149	3	8366	0.884899	13	0.615004	6.33252	550017.558	9798326.465	62.280201
150	3	8368	0.531576	17	0.221933	2.86034	549998.985	9798332.549	64.411301
151	3	8372	1.00904	16	0.799662	9.819681	550055.161	9798366.248	58.790298
152	3	8378	0.897632	13	0.632829	6.51648	550018.036	9798461.87	61.5093
153	3	8381	0.515661	9	0.208842	1.571993	550011.159	9798536.482	63.184799
154	3	8394	0.983575	12	0.75981	7.31514	549978.747	9798351.013	65.575798
155	3	8396	0.668449	13	0.350935	3.608921	549973.946	9798275.298	65.494499
156	3	8397	0.499745	16	0.19615	2.401071	549953.252	9798250.102	63.940201
157	3	8398	0.620703	10	0.302592	2.491928	549923.859	9798126.863	54.592701
158	3	8399	0.541126	11	0.229978	2.051584	549952.744	9797998.967	59.652802
159	3	8402	0.52521	15	0.216649	2.511743	549949.262	9797859.694	66.239799
160	3	8403	0.604787	15	0.287273	3.332654	549944.697	9797840.573	67.692001
161	3	8404	0.630252	14	0.311974	3.414783	549957.376	9797838.47	66.783401
162	3	8411	0.528393	10	0.219283	1.804545	549953.442	9797676.869	63.0033
163	3	8421	0.572956	12	0.25783	2.476251	549916.295	9797681.3	69.621498
164	3	8431	1.273237	13	1.273234	13.131611	549921.564	9797845.221	68.186798
165	3	8432	0.636618	10	0.318308	2.621656	549881.752	9797870.433	68.420303
166	3	8433	0.954927	13	0.716194	7.376975	549872.737	9797845.565	69.080101
167	3	8438	0.588872	12	0.272353	2.616053	549907.373	9798026.833	59.181499
168	3	8443	0.553858	13	0.240928	2.475539	549918.443	9798264.701	66.370201
169	3	8445	1.320983	14	1.370517	15.051338	549919.565	9798305.267	67.891701
170	3	8447	0.515661	10	0.208842	1.718438	549956.95	9798359.64	65.575798
171	3	8456	0.560224	12	0.246498	2.367179	549888.935	9798575.531	65.487503
172	3	8457	0.563407	12	0.249307	2.394216	549876.592	9798584.046	65.487503
173	3	8459	0.636618	12	0.318308	3.058549	549820.532	9798568.143	67.864502
174	3	8461	0.537942	12	0.22728	2.182226	549861.348	9797666.06	70.7724
175	3	8463	0.474281	16	0.176669	2.162101	549846.449	9797684.191	70.7118
176	3	8464	0.48383	10	0.183855	1.512399	549836.224	9797716.138	70.329002
177	3	8465	0.827604	13	0.537941	5.537361	549844.129	9797748.191	69.547302
178	3	8473	0.690731	12	0.374721	3.601923	549816.726	9798025.64	63.2323
179	3	8474	1.082251	14	0.919911	10.093625	549811.167	9798032.605	63.2323
180	3	8475	0.480647	16	0.181444	2.220667	549819.843	9798037.024	63.2323
181	3	8478	0.560224	11	0.246498	2.1993	549846.813	9798253.002	63.397099
182	3	8479	0.547492	13	0.235421	2.418831	549857.264	9798237.525	63.397099
183	3	8481	0.509295	10	0.203717	1.676176	549872.623	9798279.524	66.201897
184	3	8488	1.336898	16	1.40374	17.259463	549850.314	9798466.885	68.330101
185	3	8489	1.7507	13	2.407207	24.862556	549836.528	9798489.549	68.348999
186	3	8490	0.52521	12	0.216649	2.079924	549835.981	9798524.588	67.669899
187	3	8491	0.547492	10	0.235421	1.937661	549796.29	9798585.945	69.283997
188	3	8492	0.537942	12	0.22728	2.182226	549785.945	9798582.631	69.283997
189	3	8493	0.458365	13	0.165011	1.694051	549761.029	9798572.137	70.754799
190	3	8495	0.572956	14	0.25783	2.820924	549760.92	9798583.632	70.754799
191	3	8496	0.509295	12	0.203717	1.955507	549783.492	9798557.762	68.951698
192	3	8497	0.477464	16	0.179048	2.191286	549774.812	9798538.531	68.951698
193	3	8498	0.477464	12	0.179048	1.718208	549768.022	9798518.305	70.441002
194	3	8499	0.509295	12	0.203717	1.955507	549796.83	9798521.392	69.2995
195	3	8500	0.515661	12	0.208842	2.004812	549806.722	9798495.635	68.980003
196	3	8501	0.515661	11	0.208842	1.862633	549832.072	9798460.037	68.330101
197	3	8505	0.636618	15	0.318308	3.693544	549824.724	9798432.958	68.939697
198	3	8507	0.557041	12	0.243705	2.340295	549792.244	9798419.26	69.523201
199	3	8509	0.541126	11	0.229978	2.051584	549798.466	9798392.73	68.830803
200	3	8513	0.986758	12	0.764736	7.362671	549817.356	9798319.33	67.369698
201	3	8515	0.954927	14	0.716194	7.853934	549845.385	9798325.845	68.023102
202	3	8524	0.620703	12	0.302592	2.907202	549779.769	9797899.971	71.486801
203	3	8525	0.954927	10	0.716194	5.909498	549779.214	9797902.072	71.486801
204	3	8528	0.493379	17	0.191184	2.463216	549782.764	9797867.915	72.231796
205	3	8534	0.550675	12	0.238166	2.28699	549822.223	9797767.54	70.719299
206	3	8537	0.795773	12	0.497357	4.783785	549825.437	9797719.899	71.021301
207	3	8541	0.493379	11	0.191184	1.704803	549822.865	9797664.301	71.018303
208	3	8545	1.273237	12	1.273234	12.272418	549748.897	9797630.935	73.040802
209	3	8546	0.502928	14	0.198656	2.17223	549748.676	9797636.572	73.040802
210	3	8547	0.627069	13	0.308831	3.175019	549756.465	9797650.829	73.033699
211	3	8548	0.509295	12	0.203717	1.955507	549778.931	9797649.055	71.942299
212	3	8550	0.668449	13	0.350935	3.608921	549745.162	9797819.065	74.563301
213	3	8551	0.604787	11	0.287273	2.563988	549750.28	9797825.696	74.105103
214	3	8556	0.553858	14	0.240928	2.635595	549754.125	9798081.693	61.3969
215	3	8557	0.57614	13	0.260703	2.679202	549721.539	9798090.876	62.536701
216	3	8558	0.738477	10	0.428316	3.530057	549764.071	9798270.042	62.451698
217	3	8560	0.572956	16	0.25783	3.158041	549773.194	9798279.877	63.5509
218	3	8561	0.531576	13	0.221933	2.279943	549765.299	9798287.616	64.341499
219	3	8562	1.693405	10	2.252223	18.631633	549787.325	9798303.528	65.32
220	3	8565	0.588872	12	0.272353	2.616053	549745.873	9798441.817	71.0009
221	3	8566	0.923097	14	0.669243	7.337945	549750.329	9798469.007	71.0009
222	3	8568	0.451999	12	0.160459	1.53944	549748.776	9798484.814	70.826302
223	3	8569	0.490196	13	0.188725	1.93809	549742.555	9798515.544	70.441002
224	3	8570	0.509295	13	0.203717	2.092412	549745.67	9798521.181	70.441002
225	3	8571	0.515661	11	0.208842	1.862633	549735.218	9798533.232	71.891403
226	3	8572	0.493379	13	0.191184	1.963399	549716.314	9798547.827	71.891403
227	3	8574	0.954927	12	0.716194	6.894304	549703.643	9798579.111	74.0923
228	3	8577	0.684365	16	0.367845	4.509174	549664.48	9798531.149	76.102303
229	3	8579	0.48383	12	0.183855	1.764438	549667.482	9798525.732	76.394203
230	3	8586	0.487013	13	0.186282	1.912946	549669.694	9798476.102	76.3703
231	3	8592	0.572956	12	0.25783	2.476251	549728.404	9798413.635	71.711998
232	3	8595	0.961294	16	0.725775	8.910416	549699.141	9798366.444	69.059303
233	3	8596	0.531576	16	0.221933	2.717435	549692.023	9798368.104	69.059303
234	3	8597	0.636618	13	0.318308	3.272679	549685.239	9798368.216	69.059303
235	3	8604	0.413802	12	0.134485	1.289735	549697.131	9797886.172	73.189003
236	3	8607	0.471098	11	0.174306	1.553975	549695.998	9797802.608	76.481003
237	3	8608	0.448816	12	0.158207	1.517786	549707.006	9797790.778	75.358803
238	3	8610	0.56659	12	0.252132	2.421407	549719.345	9797766.679	75.358803
239	3	8611	1.114082	12	0.974819	9.390425	549726.347	9797744.459	74.5625
240	3	8616	0.461548	12	0.167311	1.605325	549733.102	9797628.286	74.055702
241	3	8617	0.493379	10	0.191184	1.572827	549704.97	9797655.595	75.167297
242	3	8619	1.082251	14	0.919911	10.093625	549681.286	9797678.26	75.115501
243	3	8621	0.477464	13	0.179048	1.8385	549664.165	9797710.43	76.048897
244	3	8624	0.509295	14	0.203717	2.227697	549683.976	9797761.271	76.027199
245	3	8631	0.541126	11	0.229978	2.051584	549648.401	9797827.932	76.957497
246	3	8632	0.509295	12	0.203717	1.955507	549642.062	9797829.371	77.431297
247	3	8634	0.569773	13	0.254973	2.620189	549663.986	9797884.412	73.608597
248	3	8635	0.461548	12	0.167311	1.605325	549643.411	9797886.959	74.2808
249	3	8638	0.528393	10	0.219283	1.804545	549662.549	9797920.004	71.514198
250	3	8644	0.547492	16	0.235421	2.882975	549667.037	9798076.188	63.688099
251	3	8646	0.471098	13	0.174306	1.789692	549641.684	9798098.412	64.363297
252	3	8649	0.550675	18	0.238166	3.222047	549651.003	9798452.231	75.681
253	3	8655	0.541126	12	0.229978	2.208186	549620.998	9798553.046	77.820602
254	3	8657	0.509295	16	0.203717	2.49392	549611.775	9798586.872	79.074501
255	3	8659	0.547492	12	0.235421	2.260568	549558.2313	9798585.182	80.437302
256	3	8660	0.636618	12	0.318308	3.058549	549563.392	9798584.341	80.437302
257	3	8661	0.601604	11	0.284257	2.53701	549555.272	9798578.927	80.437302
258	3	8664	0.601604	15	0.284257	3.297587	549557.825	9798559.362	80.381699
259	3	8666	0.572956	13	0.25783	2.649613	549585.516	9798545.428	79.185303
260	3	8667	0.598421	14	0.281257	3.077847	549596.416	9798545.093	79.185303
261	3	8668	0.512478	12	0.206272	1.980083	549595.967	9798530.392	79.140404
262	3	8669	0.541126	9	0.229978	1.73146	549584.843	9798523.21	79.140404
263	3	8670	0.493379	12	0.191184	1.834935	549573.277	9798528.408	79.741302
264	3	8671	0.509295	13	0.203717	2.092412	549569.601	9798505.639	79.741302
265	3	8674	0.222816	14	0.038993	0.424812	549601.516	9798478.661	78.5541
266	3	8675	0.52521	12	0.216649	2.079924	549606.742	9798473.907	78.5541
267	3	8682	0.929463	13	0.678506	6.987932	549601.601	9798375.864	68.245399
268	3	8684	0.630252	11	0.311974	2.784965	549571.904	9798372.113	67.1987
269	3	8686	0.572956	12	0.25783	2.476251	549629.949	9798319.595	66.025803
270	3	8687	0.52521	12	0.216649	2.079924	549633.111	9798063.927	66.451103
271	3	8689	0.493379	12	0.191184	1.834935	549627.421	9797993.629	69.729797
272	3	8691	0.636618	12	0.318308	3.058549	549609.278	9797936.266	73.305901
273	3	8692	0.87535	13	0.601802	6.196281	549616.061	9797930.627	72.2817
274	3	8697	0.461548	13	0.167311	1.717714	549610.922	9797840.211	78.106598
275	3	8699	0.572956	12	0.25783	2.476251	549602.574	9797812.8	78.446198
276	3	8700	0.636618	12	0.318308	3.058549	549603.018	9797812.027	78.446198
277	3	8701	0.582506	10	0.266496	2.194039	549601.679	9797794.231	78.446198
278	3	8702	1.336898	12	1.40374	13.533311	549625.255	9797779.303	77.427803
279	3	8703	0.499745	6	0.19615	1.04783	549626.693	9797747.358	76.972099
280	3	8705	0.859435	17	0.580117	7.492922	549614.336	9797703.368	77.422897
281	3	8707	0.954927	10	0.716194	5.909498	549639.361	9797703.141	77.422897
282	3	8708	0.534759	14	0.224598	2.456576	549640.248	9797691.424	77.9776
283	3	8709	1.114082	18	0.974819	13.229786	549622.227	9797679.491	77.9776
284	3	8710	0.493379	12	0.191184	1.834935	549634.349	9797675.951	77.9776
285	3	8711	0.986758	10	0.764736	6.310962	549639.464	9797671.86	77.9776
286	3	8715	0.588872	16	0.272353	3.336336	549565.939	9797639.712	80.7939
287	3	8720	0.477464	12	0.179048	1.718208	549576.068	9797672.981	80.6726
288	3	8726	0.506112	16	0.201179	2.462774	549568.635	9797748.809	79.370697
289	3	8727	0.509295	17	0.203717	2.625071	549563.519	9797750.911	79.370697
290	3	8729	0.636618	10	0.318308	2.621656	549536.709	9797726.489	80.849602
291	3	8731	0.547492	12	0.235421	2.260568	549552.414	9797816.682	79.776497
292	3	8738	1.05042	16	0.866595	10.64352	549558.459	9797975.85	73.0952
293	3	8739	0.954927	14	0.716194	7.853934	549525.085	9797945.903	74.140404
294	3	8743	0.531576	11	0.221933	1.979655	549495.739	9798013.005	71.4645
295	3	8745	0.601604	16	0.284257	3.482505	549529.322	9798437.891	72.699799
296	3	8747	0.477464	16	0.179048	2.191286	549531.107	9798459.887	75.394096
297	3	8748	0.585689	14	0.269416	2.947983	549514.65	9798475.698	77.169701
298	3	8750	0.477464	13	0.179048	1.8385	549523.443	9798501.671	79.661697
299	3	8752	0.461548	12	0.167311	1.605325	549536.904	9798515.706	79.661697
300	3	8755	0.496562	12	0.193659	1.858742	549526.342	9798530.852	79.661697
301	3	8756	0.541126	10	0.229978	1.892762	549522.896	9798539.474	80.984703
302	3	8757	0.522027	14	0.214031	2.340735	549532.575	9798548.646	80.984703
303	3	8758	0.579323	16	0.263591	3.22877	549540.474	9798556.824	80.984703
304	3	8760	0.557041	12	0.243705	2.340295	549503.768	9798546.774	81.226097
305	3	8765	0.585689	17	0.269416	3.473841	549456.276	9798548.555	82.1147
306	3	8767	0.509295	13	0.203717	2.092412	549452.27	9798539.05	82.1147
307	3	8768	0.493379	16	0.191184	2.340151	549483.96	9798506.987	79.326103
308	3	8774	1.018589	16	0.814869	10.006846	549539.432	9798391.354	69.640999
309	3	8775	0.455182	10	0.162727	1.338234	549508.23	9798151.17	63.714901
310	3	8779	0.455182	16	0.162727	1.99111	549505.445	9798134.148	63.714901
311	3	8782	0.499745	13	0.19615	2.014511	549473.935	9797995.657	74.256302
312	3	8783	0.604787	14	0.287273	3.143832	549462.143	9797983.501	74.256302
313	3	8787	0.572956	13	0.25783	2.649613	549468.918	9797947.133	75.833099
314	3	8788	0.891266	14	0.623884	6.839525	549445.005	9797945.813	76.791397
315	3	8789	0.668449	17	0.350935	4.527632	549444.225	9797938.739	78.248299
316	3	8793	0.954927	14	0.716194	7.853934	549480.693	9797888.989	78.732697
317	3	8796	0.668449	16	0.350935	4.301428	549489.586	9797867.875	79.935997
318	3	8798	0.56659	10	0.252132	2.075525	549503.033	9797824.21	79.888702
319	3	8799	0.735294	8	0.424631	2.897968	549493.016	9797794.811	80.389198
320	3	8806	0.859435	12	0.580117	5.581739	549460.832	9797632.001	80.769897
321	3	8808	0.528393	12	0.219283	2.105269	549454.39	9797666.268	83.112099
322	3	8809	0.541126	12	0.229978	2.208186	549444.603	9797670.582	83.280403
323	3	8814	0.563407	12	0.249307	2.394216	549430.194	9797871.205	81.108002
324	3	8815	0.477464	12	0.179048	1.718208	549433.756	9797881.374	81.108002
325	3	8816	0.512478	13	0.206272	2.118709	549413.851	9797898.18	80.720703
326	3	8817	0.56659	12	0.252132	2.421407	549415.424	9797960.742	77.7556
327	3	8819	0.572956	12	0.25783	2.476251	549426.776	9797991.468	76.3647
328	3	8820	0.541126	13	0.229978	2.362782	549417.768	9797995.228	76.3647
329	3	8824	0.48383	9	0.183855	1.383513	549492.459	9798240.707	60.741901
330	3	8826	0.522027	9	0.214031	1.611136	549469.883	9798251.103	61.478802
331	3	8827	0.684365	9	0.367845	2.772366	549495.247	9798273.093	60.591499
332	3	8828	0.709829	10	0.395729	3.260905	549476.142	9798375.895	64.751602
333	3	8831	0.499745	16	0.19615	2.401071	549445.355	9798462.782	73.252602
334	3	8836	0.572956	16	0.25783	3.158041	549425.795	9798523.802	80.432503
335	3	8837	0.557041	12	0.243705	2.340295	549429.244	9798526.675	80.432503
336	3	8846	0.477464	10	0.179048	1.472774	549376.31	9798558.522	83.757202
337	3	8849	0.509295	18	0.203717	2.755034	549400.328	9798535.967	83.049599
338	3	8850	0.954927	12	0.716194	6.894304	549402.326	9798520.05	80.432503
339	3	8852	0.493379	9	0.191184	1.43879	549384.526	9798500.6	80.9813
340	3	8853	0.970843	14	0.740266	8.118517	549416	9798491.197	76.967102
341	3	8854	0.509295	13	0.203717	2.092412	549423.335	9798470.304	76.967102
342	3	8857	0.954927	14	0.716194	7.853934	549403.436	9798059.121	73.713898
343	3	8859	0.579323	17	0.263591	3.398566	549390.862	9798032.927	76.664398
344	3	8861	0.502928	13	0.198656	2.040313	549380.517	9798030.387	76.664398
345	3	8862	0.528393	14	0.219283	2.398305	549377.399	9798012.482	76.664398
346	3	8863	0.738477	12	0.428316	4.118334	549387.406	9798003.636	77.328102
347	3	8867	0.763942	14	0.458364	5.021473	549355.591	9797980.874	77.993202
348	3	8869	0.853069	12	0.571555	5.499169	549364.371	9797953.349	79.041901
349	3	8872	1.177744	16	1.08941	13.387036	549380.936	9797923.722	79.941498
350	3	8877	0.553858	12	0.240928	2.313566	549398.27	9797857.065	83.0084
351	3	8880	0.954927	10	0.716194	5.909498	549407.383	9797827.992	83.674896
352	3	8882	0.480647	12	0.181444	1.741246	549413.833	9797823.016	83.674896
353	3	8886	0.381971	12	0.114591	1.09855	549398.691	9797760.016	85.689102
354	3	8898	0.490196	12	0.188725	1.811282	549403.554	9797637.321	83.642502
355	3	8901	0.509295	12	0.203717	1.955507	549402.668	9797651.138	85.178101
356	3	8915	1.209575	14	1.149093	12.614612	549339.194	9797789.764	87.725998
357	3	8916	0.534759	15	0.224598	2.60412	549335.859	9797795.402	86.232201
358	3	8920	0.636618	16	0.318308	3.900665	549353.564	9797880.399	83.142601
359	3	8923	0.891266	12	0.623884	6.00384	549343.355	9797975.572	79.041901
360	3	8924	0.550675	11	0.238166	2.124799	549341.246	9797989.278	77.993202
361	3	8925	0.754393	13	0.446977	4.599089	549332.791	9797982.538	78.635498
362	3	8927	0.531576	11	0.221933	1.979655	549323.229	9797993.151	78.635498
363	3	8931	0.627069	12	0.308831	2.967279	549352.04	9798013.483	77.473
364	3	8932	0.541126	14	0.229978	2.515548	549341.038	9798049.188	76.484703
365	3	8936	0.493379	17	0.191184	2.463216	549348.729	9798118.602	73.8992
366	3	8945	0.467914	14	0.171958	1.879686	549374.999	9798205.475	65.417297
367	3	8949	0.477464	18	0.179048	2.420713	549395.854	9798432.066	67.716301
368	3	8951	0.579323	15	0.263591	3.057326	549375.398	9798467.774	72.425499
369	3	8954	0.572956	13	0.25783	2.649613	549336.026	9798471.1	76.814697
370	3	8955	0.582506	12	0.266496	2.559671	549339.25	9798467.23	72.4842
371	3	8962	0.595238	12	0.278273	2.673052	549356.069	9798563.723	85.198303
372	3	8963	0.477464	13	0.179048	1.8385	549339.166	9798577.654	85.198303
373	3	8964	0.493379	12	0.191184	1.834935	549310.362	9798586.504	84.627602
374	3	8965	0.636618	16	0.318308	3.900665	549297.3342	9798585.944	83.763802
375	3	8967	0.477464	12	0.179048	1.718208	549274.658	9798581.649	83.349602
376	3	8970	0.509295	10	0.203717	1.676176	549272.311	9798532.904	80.973503
377	3	8971	0.496562	13	0.193659	1.988873	549291.103	9798516.319	79.118797
378	3	8976	0.528393	12	0.219283	2.105269	549313.897	9798488.901	76.814697
379	3	8978	0.280112	12	0.061625	0.589952	549276.53	9798503.611	79.118797
380	3	8979	0.509295	16	0.203717	2.49392	549263.624	9798488.913	74.961403
381	3	8980	1.024955	14	0.825087	9.050963	549275.857	9798479.957	76.112602
382	3	8983	0.986758	17	0.764736	9.883644	549301.873	9798442.148	72.046501
383	3	8984	0.474281	11	0.176669	1.575093	549318.113	9798446.676	72.395401
384	3	8985	1.044054	16	0.856122	10.514611	549322.894	9798438.937	72.395401
385	3	8986	0.518844	16	0.211428	2.588536	549320.891	9798436.727	67.763901
386	3	8988	0.509295	15	0.203717	2.361495	549308.432	9798426.34	67.763901
387	3	8989	0.493379	12	0.191184	1.834935	549304.427	9798425.567	67.983398
388	3	8990	0.954927	16	0.716194	8.792525	549307.874	9798420.482	67.763901
389	3	8994	0.496562	10	0.193659	1.593233	549303.465	9798130.219	75.781601
390	3	8997	0.477464	10	0.179048	1.472774	549298.227	9798087.333	76.694199
391	3	8999	0.563407	12	0.249307	2.394216	549295.104	9798052.737	77.498497
392	3	9000	0.954927	16	0.716194	8.792525	549288.094	9798040.358	77.498497
393	3	9001	0.502928	14	0.198656	2.17223	549281.864	9798032.954	78.236801
394	3	9003	0.471098	12	0.174306	1.672594	549322.343	9798008.516	77.822098
395	3	9009	0.477464	12	0.179048	1.718208	549273.725	9797952.819	80.649803
396	3	9010	0.464731	11	0.169627	1.512167	549293.742	9797942.644	80.4944
397	3	9011	0.693914	16	0.378182	4.636178	549273.943	9797935.907	81.102699
398	3	9014	0.572956	10	0.25783	2.122535	549299.854	9797918.436	80.4944
399	3	9015	0.509295	12	0.203717	1.955507	549303.067	9797870.574	82.741798
400	3	9016	0.477464	13	0.179048	1.8385	549309.732	9797836.085	84.549698
401	3	9017	0.563407	13	0.249307	2.561835	549306.715	9797779.492	87.732803
402	3	9019	0.709829	13	0.395729	4.07067	549280.693	9797793.758	86.045898
403	3	9022	0.630252	14	0.311974	3.414783	549268.451	9797762.701	87.634903
404	3	9025	0.502928	14	0.198656	2.17223	549281.009	9797722.794	89.141899
405	3	9036	0.614337	12	0.296417	2.847741	549318.142	9797663.318	88.424797
406	3	9041	0.493379	11	0.191184	1.704803	549239.408	9797709.43	88.8284
407	3	9044	0.662083	14	0.344282	3.769256	549239.088	9797762.376	88.0886
408	3	9054	0.493379	12	0.191184	1.834935	549249.808	9797934.144	81.102699
409	3	9055	0.534759	12	0.224598	2.15642	549228.454	9797937.797	82.306999
410	3	9056	0.493379	12	0.191184	1.834935	549232.017	9797953.824	81.892998
411	3	9061	0.499745	12	0.19615	1.882703	549223.917	9798032.084	81.1418
412	3	9062	0.989941	14	0.769678	8.441816	549228.816	9798053.858	80.339798
413	3	9072	0.989941	14	0.769678	8.441816	549284.574	9798197.76	71.775002
414	3	9075	0.531576	12	0.221933	2.130767	549230.423	9798256.91	67.031998
415	3	9076	0.563407	8	0.249307	1.6994	549258.116	9798249.497	70.3144
416	3	9079	0.528393	12	0.219283	2.105269	549266.909	9798276.465	66.896004
417	3	9080	0.878533	10	0.606187	4.999923	549272.363	9798292.381	64.210701
418	3	9081	0.732111	16	0.420963	5.161875	549248.151	9798435.197	67.899498
419	3	9082	0.541126	15	0.229978	2.666634	549211.128	9798491.137	72.796204
420	3	9087	0.668449	12	0.350935	3.372791	549137.407	9798569.966	78.2528
421	3	9088	0.687548	12	0.371275	3.568728	549145.636	9798565.432	78.2528
422	3	9089	0.623886	14	0.305703	3.345993	549146.742	9798538.462	75.260597
423	3	9090	0.728928	16	0.41731	5.116987	549145.071	9798527.851	72.679298
424	3	9091	0.706646	12	0.392188	3.770209	549136.392	9798514.589	72.679298
425	3	9094	0.614337	14	0.296417	3.244123	549157.514	9798470.48	71.559898
426	3	9096	0.531576	12	0.221933	2.130767	549171.487	9798306.001	66.327904
427	3	9097	0.821238	12	0.529697	5.095568	549150.352	9798292.521	68.432602
428	3	9098	0.56659	12	0.252132	2.421407	549169.809	9798263.336	68.7061
429	3	9099	0.531576	12	0.221933	2.130767	549213.405	9798252.935	70.6604
430	3	9101	0.557041	13	0.243705	2.50414	549182.59	9798227.409	71.345001
431	3	9103	0.722562	13	0.410053	4.21835	549192.485	9798211.6	74.207001
432	3	9106	0.636618	11	0.318308	2.84164	549176.793	9798170.264	77.099602
433	3	9111	0.563407	17	0.249307	3.213993	549185.231	9798108.915	79.715797
434	3	9114	0.655717	14	0.337693	3.696958	549206.466	9798076.523	80.839897
435	3	9115	0.477464	12	0.179048	1.718208	549215.03	9798074.31	79.337997
436	3	9116	0.56659	12	0.252132	2.421407	549197.231	9798060.94	81.753304
437	3	9117	0.493379	12	0.191184	1.834935	549181.547	9798054.754	82.209702
438	3	9122	0.499745	11	0.19615	1.749183	549193.096	9797982.351	82.594902
439	3	9124	0.541126	13	0.229978	2.362782	549201.432	9797959.358	83.246902
440	3	9131	0.56659	16	0.252132	3.088097	549185.508	9797879.445	85.255402
441	3	9136	0.499745	13	0.19615	2.014511	549191.388	9797821.082	87.565399
442	3	9140	0.655717	13	0.337693	3.472447	549162.456	9797762.616	88.783699
443	3	9141	0.509295	12	0.203717	1.955507	549206.381	9797730.771	89.239601
444	3	9143	0.455182	10	0.162727	1.338234	549222.713	9797659.694	86.842697
445	3	9144	0.515661	10	0.208842	1.718438	549208.809	9797656.823	86.876801
446	3	9147	0.572956	12	0.25783	2.476251	549197.235	9797627.645	85.887802
447	3	9152	0.572956	13	0.25783	2.649613	549141.301	9797670.325	88.5849
448	3	9155	0.499745	11	0.19615	1.749183	549120.95	9797682.378	88.919098
449	3	9156	0.471098	16	0.174306	2.133112	549121.964	9797734.219	88.894096
450	3	9157	0.480647	13	0.181444	1.863151	549121.969	9797753.12	88.894096
451	3	9158	0.531576	12	0.221933	2.130767	549142.883	9797771.132	89.018898
452	3	9161	0.557041	13	0.243705	2.50414	549123.76	9797799.213	89.0224
453	3	9162	0.52521	11	0.216649	1.932418	549149.903	9797822.861	88.933098
454	3	9167	0.477464	16	0.179048	2.191286	549121.785	9797908.863	87.837303
455	3	9168	0.474281	13	0.176669	1.814014	549118.45	9797914.722	89.352501
456	3	9170	0.509295	10	0.203717	1.676176	549119.348	9797951.199	86.197403
457	3	9172	0.477464	12	0.179048	1.718208	549158.507	9797985.565	83.2892
458	3	9177	0.518844	16	0.211428	2.588536	549151.078	9798078.637	81.9366
459	3	9179	0.732111	12	0.420963	4.047476	549156.311	9798101.959	81.105904
460	3	9180	0.509295	11	0.203717	1.816824	549135.18	9798105.39	81.014198
461	3	9181	0.544309	10	0.232691	1.915145	549125.395	9798115.783	81.014198
462	3	9182	0.57614	10	0.260703	2.146237	549133.299	9798145.073	79.626198
463	3	9183	0.569773	12	0.254973	2.448752	549136.75	9798157.12	79.626198
464	3	9185	0.61752	12	0.299496	2.877395	549120.296	9798188.847	78.094002
465	3	9188	0.986758	12	0.764736	7.362671	549147.998	9798220.122	74.985397
466	3	9189	0.951744	12	0.711427	6.848316	549155.452	9798227.084	71.345001
467	3	9191	0.458365	12	0.165011	1.58321	549128.097	9798249.861	72.777603
468	3	9192	0.579323	12	0.263591	2.53171	549127.321	9798258.482	70.3881
469	3	9195	0.945378	12	0.701942	6.756802	549127.131	9798393.445	66.4562
470	3	9196	0.954927	16	0.716194	8.792525	549122.242	9798413.564	66.991402
471	3	9197	0.429717	12	0.145029	1.391089	549111.909	9798454.243	67.882401
472	3	9201	0.560224	11	0.246498	2.1993	549053.765	9798557.496	72.095703
473	3	9202	0.872167	16	0.597433	7.331538	549054.874	9798545.779	72.095703
474	3	9205	0.509295	14	0.203717	2.227697	549085.325	9798448.944	67.1045
475	3	9206	0.684365	12	0.367845	3.535687	549076.539	9798448.725	67.1045
476	3	9207	0.595238	12	0.278273	2.673052	549106.667	9798394.334	67.173897
477	3	9208	0.547492	12	0.235421	2.260568	549093.762	9798384.832	67.173897
478	3	9211	0.61752	14	0.299496	3.277904	549078.74	9798353.444	68.527
479	3	9212	0.763942	13	0.458364	4.716526	549098.424	9798345.149	69.150597
480	3	9213	0.572956	12	0.25783	2.476251	549111.094	9798305.353	70.743797
481	3	9220	0.763942	13	0.458364	4.716526	549067.252	9798224.121	75.373497
482	3	9221	0.954927	10	0.716194	5.909498	549059.017	9798205.885	77.608902
483	3	9223	0.509295	12	0.203717	1.955507	549067.463	9798178.802	78.820503
484	3	9231	0.881716	12	0.610587	5.875591	549087.009	9798060.525	83.473602
485	3	9233	0.579323	12	0.263591	2.53171	549058.202	9798055.005	84.722298
486	3	9234	0.572956	12	0.25783	2.476251	549064.426	9798038.976	83.473602
487	3	9235	0.57614	16	0.260703	3.193308	549071.32	9798031.127	84.018097
488	3	9237	0.588872	12	0.272353	2.616053	549115.137	9798014.315	83.1073
489	3	9241	0.636618	13	0.318308	3.272679	549072.867	9797990.45	85.576599
490	3	9248	0.487013	11	0.186282	1.660995	549099.329	9797952.088	86.197403
491	3	9249	1.059969	10	0.882422	7.284513	549106.666	9797939.264	87.910797
492	3	9251	0.572956	12	0.25783	2.476251	549109.317	9797863.879	90.010498
493	3	9252	0.458365	12	0.165011	1.58321	549109.089	9797840.446	90.219299
494	3	9253	0.541126	12	0.229978	2.208186	549091.738	9797840.781	90.219299
495	3	9254	0.474281	8	0.176669	1.203331	549108.859	9797813.033	89.628998
496	3	9256	0.697097	16	0.38166	4.678906	549083.609	9797802.317	90.227501
497	3	9260	0.652534	12	0.334423	3.213746	549074.257	9797761.864	89.897202
498	3	9266	0.493379	12	0.191184	1.834935	549091.916	9797659.173	88.7164
499	3	9267	0.954927	16	0.716194	8.792525	549091.915	9797656.078	88.7164
500	3	9268	0.738477	12	0.428316	4.118334	549104.817	9797654.97	88.7164
501	3	9270	0.585689	12	0.269416	2.587785	549076.227	9797630.659	88.730103
502	3	9271	0.579323	11	0.263591	2.352164	549041.857	9797621.714	89.078102
503	3	9273	0.461548	12	0.167311	1.605325	549058.215	9797657.966	89.5224
504	3	9274	0.471098	10	0.174306	1.433675	549059.556	9797681.62	89.7948
505	3	9275	0.52521	12	0.216649	2.079924	549052.215	9797681.511	89.7948
506	3	9280	0.493379	13	0.191184	1.963399	549033.215	9797757.563	90.306602
507	3	9281	0.557041	13	0.243705	2.50414	549036.33	9797763.31	90.689796
508	3	9285	0.627069	10	0.308831	2.543423	549059.515	9797967.793	88.690697
509	3	9287	0.986758	14	0.764736	8.387494	549028.167	9798036.996	86.656197
510	3	9291	0.471098	11	0.174306	1.553975	549044.78	9798202.904	77.608902
511	3	9293	0.837153	12	0.550427	5.295441	549023.441	9798265.582	75.5009
512	3	9294	0.827604	13	0.537941	5.537361	549044.907	9798265.687	74.855698
513	3	9298	0.662083	14	0.344282	3.769256	549054.926	9798305.92	73.149597
514	3	9299	0.493379	10	0.191184	1.572827	549055.927	9798305.146	73.149597
515	3	9300	0.579323	12	0.263591	2.53171	549018.894	9798322.177	71.315002
516	3	9301	0.636618	12	0.318308	3.058549	549022.451	9798312.56	73.565201
517	3	9302	0.477464	10	0.179048	1.472774	549017.903	9798359.98	69.206398
518	3	9305	0.579323	13	0.263591	2.708955	549004.822	9798536.396	72.111397
519	3	9306	0.490196	12	0.188725	1.811282	548968.242	9798585.482	75.986702
520	3	9311	0.487013	12	0.186282	1.787783	548994.576	9798481.574	67.595001
521	3	9312	1.018589	17	0.814869	10.533088	548981.673	9798476.161	67.595001
522	3	9313	0.620703	14	0.302592	3.311861	548977.882	9798438.138	67.771698
523	3	9316	0.620703	13	0.302592	3.110736	548989.316	9798347.718	70.606499
524	3	9317	1.432391	14	1.611436	17.703624	548983.951	9798240.832	77.016502
525	3	9318	0.496562	11	0.193659	1.726922	549001.186	9798225.574	76.742996
526	3	9324	0.509295	12	0.203717	1.955507	548976.014	9798076.359	85.549103
527	3	9325	0.636618	17	0.318308	4.105794	548982.465	9798079.121	85.549103
528	3	9327	0.763942	12	0.458364	4.407926	548996.692	9798037.888	88.2593
529	3	9328	0.502928	10	0.198656	1.634441	549019.039	9798005.496	88.2229
530	3	9330	0.550675	16	0.238166	2.916671	549011.357	9797972.779	89.797798
531	3	9332	0.522027	12	0.214031	2.054733	548996.888	9797932.106	91.160797
532	3	9334	0.477464	12	0.179048	1.718208	549004.553	9797895.628	91.413002
533	3	9335	0.509295	13	0.203717	2.092412	549011.225	9797886.784	91.413002
534	3	9339	0.563407	12	0.249307	2.394216	549011.76	9797802.446	91.887604
535	3	9341	0.461548	12	0.167311	1.605325	548994.063	9797750.167	93.1576
536	3	9342	0.509295	12	0.203717	1.955507	548998.176	9797741.987	91.3647
537	3	9344	0.56659	8	0.252132	1.718701	548998.833	9797701.199	91.0364
538	3	9345	0.467914	13	0.171958	1.765535	548976.681	9797621.509	90.103996
539	3	9347	0.477464	12	0.179048	1.718208	548962.146	9797766.202	94.407501
540	3	9351	0.534759	12	0.224598	2.15642	548912.436	9797791.638	94.967697
541	3	9352	0.477464	12	0.179048	1.718208	548913.774	9797803.022	94.967697
542	3	9355	0.493379	12	0.191184	1.834935	548932.257	9797888.35	92.432198
543	3	9356	0.477464	14	0.179048	1.957369	548927.255	9797898.521	92.432198
544	3	9359	0.493379	12	0.191184	1.834935	548933.268	9797928.143	91.823502
545	3	9363	0.592055	12	0.275305	2.644476	548939.841	9797971.36	90.891296
546	3	9364	0.496562	9	0.193659	1.457458	548928.72	9797977	90.1437
547	3	9368	0.614337	13	0.296417	3.047112	548923.621	9798046.085	87.034103
548	3	9369	0.522027	15	0.214031	2.481322	548920.398	9798057.913	87.034103
549	3	9371	0.477464	11	0.179048	1.596355	548920.756	9798155.294	81.075699
550	3	9373	0.989941	12	0.769678	7.410356	548921.317	9798177.732	79.515999
551	3	9374	0.627069	13	0.308831	3.175019	548918.205	9798184.918	79.515999
552	3	9375	0.531576	12	0.221933	2.130767	548932.229	9798227.581	76.898003
553	3	9376	1.082251	12	0.919911	8.860339	548949.576	9798212.433	78.312897
554	3	9378	1.432391	12	1.611436	15.540513	548909.236	9798349.395	74.150597
555	3	9379	0.642984	12	0.324706	3.120166	548917.583	9798372.716	74.150597
556	3	9380	1.136364	13	1.014202	10.454715	548923.271	9798433.287	71.906097
557	3	9381	0.563407	14	0.249307	2.727471	548920.409	9798557.087	72.474403
558	3	9382	0.493379	12	0.191184	1.834935	548934.648	9798565.815	75.139
559	3	9383	0.795773	12	0.497357	4.783785	548932.316	9798581.844	75.139
