id	x	y	z	inclinacao
1	548903.4933	9797602.967	93.601799	1
2	548933.4933	9797602.967	91.949898	1
3	548963.4933	9797602.967	90.694702	1
4	548993.4933	9797602.967	89.695099	1
5	549023.4933	9797602.967	89.091499	1
6	549053.4933	9797602.967	88.603897	1
7	549083.4933	9797602.967	88.241501	1
8	549113.4933	9797602.967	87.609001	1
9	549143.4933	9797602.967	86.616798	1
10	549173.4933	9797602.967	85.603897	1
11	549203.4933	9797602.967	84.925003	1
12	549233.4933	9797602.967	84.667198	1
13	549263.4933	9797602.967	84.517197	1
14	549293.4933	9797602.967	84.452103	1
15	549323.4933	9797602.967	84.024002	1
16	549353.4933	9797602.967	83.663803	2
17	549383.4933	9797602.967	82.894997	1
18	549413.4933	9797602.967	81.741798	1
19	549443.4933	9797602.967	80.406097	1
20	549473.4933	9797602.967	79.424698	1
21	549503.4933	9797602.967	78.876099	1
22	549533.4933	9797602.967	78.482903	1
23	549563.4933	9797602.967	77.879799	1
24	549593.4933	9797602.967	77.252197	1
25	549623.4933	9797602.967	76.5578	1
26	549653.4933	9797602.967	75.8283	1
27	549683.4933	9797602.967	75.016998	1
28	549713.4933	9797602.967	73.9189	1
29	549743.4933	9797602.967	72.772499	1
30	549773.4933	9797602.967	71.510002	1
31	549803.4933	9797602.967	70.497902	1
32	549833.4933	9797602.967	69.774902	1
33	549863.4933	9797602.967	69.525803	1
34	549893.4933	9797602.967	68.766296	1
35	549923.4933	9797602.967	66.985497	2
36	549953.4933	9797602.967	63.123699	3
37	549983.4933	9797602.967	63.123699	3
38	550013.4933	9797602.967	58.9865	3
39	550043.4933	9797602.967	55.7211	1
40	550073.4933	9797602.967	54.592701	1
41	550103.4933	9797602.967	54.592701	1
42	550133.4933	9797602.967	54.592701	1
43	550163.4933	9797602.967	54.592701	1
44	550193.4933	9797602.967	54.592701	1
45	550223.4933	9797602.967	55.4865	1
46	550253.4933	9797602.967	57.016602	1
47	550283.4933	9797602.967	58.305199	1
48	550313.4933	9797602.967	59.131901	1
49	550343.4933	9797602.967	58.9972	1
50	550373.4933	9797602.967	58.410702	1
51	550403.4933	9797602.967	57.504601	1
52	550433.4933	9797602.967	56.766201	1
53	550463.4933	9797602.967	56.0163	1
54	550493.4933	9797602.967	55.320599	1
55	548903.4933	9797632.967	94.5718	1
56	548933.4933	9797632.967	92.620499	1
57	548963.4933	9797632.967	91.175598	1
58	548993.4933	9797632.967	90.103996	1
59	549023.4933	9797632.967	89.423103	1
60	549053.4933	9797632.967	89.078102	1
61	549083.4933	9797632.967	88.730103	1
62	549113.4933	9797632.967	88.310303	1
63	549143.4933	9797632.967	87.491096	1
64	549173.4933	9797632.967	86.666298	1
65	549203.4933	9797632.967	85.887802	1
66	549233.4933	9797632.967	85.754204	1
67	549263.4933	9797632.967	85.8834	1
68	549293.4933	9797632.967	86.295898	1
69	549323.4933	9797632.967	86.486397	1
70	549353.4933	9797632.967	86.095398	1
71	549383.4933	9797632.967	85.048698	1
72	549413.4933	9797632.967	83.642502	1
73	549443.4933	9797632.967	82.139999	1
74	549473.4933	9797632.967	80.769897	1
75	549503.4933	9797632.967	80.042099	1
76	549533.4933	9797632.967	79.590599	1
77	549563.4933	9797632.967	79.391701	1
78	549593.4933	9797632.967	78.783096	1
79	549623.4933	9797632.967	77.8741	1
80	549653.4933	9797632.967	76.352699	1
81	549683.4933	9797632.967	75.189697	1
82	549713.4933	9797632.967	74.055702	1
83	549743.4933	9797632.967	73.040802	1
84	549773.4933	9797632.967	71.824203	1
85	549803.4933	9797632.967	70.781799	1
86	549833.4933	9797632.967	70.427399	1
87	549863.4933	9797632.967	70.316498	1
88	549893.4933	9797632.967	69.4757	1
89	549923.4933	9797632.967	66.9589	3
90	549953.4933	9797632.967	62.7589	3
91	549983.4933	9797632.967	62.7589	3
92	550013.4933	9797632.967	58.327	3
93	550043.4933	9797632.967	54.8097	1
94	550073.4933	9797632.967	54.592701	1
95	550103.4933	9797632.967	54.592701	1
96	550133.4933	9797632.967	54.592701	1
97	550163.4933	9797632.967	54.592701	1
98	550193.4933	9797632.967	55.384602	1
99	550223.4933	9797632.967	56.949001	1
100	550253.4933	9797632.967	58.900299	2
101	550283.4933	9797632.967	60.563499	1
102	550313.4933	9797632.967	61.368801	1
103	550343.4933	9797632.967	61.251099	1
104	550373.4933	9797632.967	60.5732	1
105	550403.4933	9797632.967	59.790401	1
106	550433.4933	9797632.967	58.9352	1
107	550463.4933	9797632.967	58.030701	1
108	550493.4933	9797632.967	57.087299	1
109	548903.4933	9797662.967	95.721901	1
110	548933.4933	9797662.967	93.645699	1
111	548963.4933	9797662.967	91.959999	1
112	548993.4933	9797662.967	90.544701	1
113	549023.4933	9797662.967	90.001602	1
114	549053.4933	9797662.967	89.5224	1
115	549083.4933	9797662.967	89.072197	1
116	549113.4933	9797662.967	88.7164	1
117	549143.4933	9797662.967	88.289398	1
118	549173.4933	9797662.967	87.728302	1
119	549203.4933	9797662.967	86.876801	1
120	549233.4933	9797662.967	86.842697	1
121	549263.4933	9797662.967	87.035599	1
122	549293.4933	9797662.967	88.063904	1
123	549323.4933	9797662.967	88.424797	1
124	549353.4933	9797662.967	88.388802	1
125	549383.4933	9797662.967	87.2621	1
126	549413.4933	9797662.967	85.178101	1
127	549443.4933	9797662.967	83.112099	1
128	549473.4933	9797662.967	81.192398	1
129	549503.4933	9797662.967	80.7453	1
130	549533.4933	9797662.967	80.525101	1
131	549563.4933	9797662.967	80.7939	1
132	549593.4933	9797662.967	79.753601	1
133	549623.4933	9797662.967	78.278	1
134	549653.4933	9797662.967	76.377197	1
135	549683.4933	9797662.967	75.167297	1
136	549713.4933	9797662.967	73.949997	1
137	549743.4933	9797662.967	73.033699	1
138	549773.4933	9797662.967	71.942299	1
139	549803.4933	9797662.967	71.018303	1
140	549833.4933	9797662.967	70.929497	1
141	549863.4933	9797662.967	70.7724	1
142	549893.4933	9797662.967	69.846199	1
143	549923.4933	9797662.967	67.094398	3
144	549953.4933	9797662.967	62.7742	3
145	549983.4933	9797662.967	62.7742	3
146	550013.4933	9797662.967	57.9347	3
147	550043.4933	9797662.967	54.592701	1
148	550073.4933	9797662.967	54.592701	1
149	550103.4933	9797662.967	54.592701	1
150	550133.4933	9797662.967	54.592701	1
151	550163.4933	9797662.967	54.666199	1
152	550193.4933	9797662.967	56.478401	1
153	550223.4933	9797662.967	58.410702	1
154	550253.4933	9797662.967	60.706699	2
155	550283.4933	9797662.967	62.565601	1
156	550313.4933	9797662.967	63.5215	1
157	550343.4933	9797662.967	63.4091	1
158	550373.4933	9797662.967	62.659302	1
159	550403.4933	9797662.967	61.981899	1
160	550433.4933	9797662.967	61.017502	1
161	550463.4933	9797662.967	59.928699	1
162	550493.4933	9797662.967	58.794998	1
163	548903.4933	9797692.967	96.876297	1
164	548933.4933	9797692.967	94.927498	1
165	548963.4933	9797692.967	93.092499	1
166	548993.4933	9797692.967	91.524803	1
167	549023.4933	9797692.967	90.523499	1
168	549053.4933	9797692.967	89.7948	1
169	549083.4933	9797692.967	89.299004	1
170	549113.4933	9797692.967	88.919098	1
171	549143.4933	9797692.967	88.5849	1
172	549173.4933	9797692.967	88.330399	1
173	549203.4933	9797692.967	88.023499	1
174	549233.4933	9797692.967	88.027397	1
175	549263.4933	9797692.967	88.216797	1
176	549293.4933	9797692.967	88.812698	1
177	549323.4933	9797692.967	89.299202	1
178	549353.4933	9797692.967	89.270599	1
179	549383.4933	9797692.967	88.259499	1
180	549413.4933	9797692.967	85.849602	1
181	549443.4933	9797692.967	83.280403	1
182	549473.4933	9797692.967	81.427902	1
183	549503.4933	9797692.967	80.984802	1
184	549533.4933	9797692.967	80.943802	1
185	549563.4933	9797692.967	80.6726	1
186	549593.4933	9797692.967	79.480301	1
187	549623.4933	9797692.967	77.9776	1
188	549653.4933	9797692.967	76.294701	1
189	549683.4933	9797692.967	75.115501	1
190	549713.4933	9797692.967	74.0513	1
191	549743.4933	9797692.967	73.023903	1
192	549773.4933	9797692.967	71.963402	1
193	549803.4933	9797692.967	71.067802	1
194	549833.4933	9797692.967	70.7118	1
195	549863.4933	9797692.967	70.500298	1
196	549893.4933	9797692.967	69.621498	1
197	549923.4933	9797692.967	67.220901	3
198	549953.4933	9797692.967	63.0033	3
199	549983.4933	9797692.967	63.0033	3
200	550013.4933	9797692.967	58.487598	3
201	550043.4933	9797692.967	54.844501	1
202	550073.4933	9797692.967	54.592701	1
203	550103.4933	9797692.967	54.592701	1
204	550133.4933	9797692.967	54.592701	1
205	550163.4933	9797692.967	54.6614	1
206	550193.4933	9797692.967	56.747898	1
207	550223.4933	9797692.967	59.172199	2
208	550253.4933	9797692.967	61.756901	2
209	550283.4933	9797692.967	63.9011	1
210	550313.4933	9797692.967	65.083801	1
211	550343.4933	9797692.967	65.036301	1
212	550373.4933	9797692.967	64.274101	1
213	550403.4933	9797692.967	63.3568	1
214	550433.4933	9797692.967	62.398102	1
215	550463.4933	9797692.967	61.397202	1
216	550493.4933	9797692.967	60.309101	1
217	548903.4933	9797722.967	97.7183	1
218	548933.4933	9797722.967	95.966599	1
219	548963.4933	9797722.967	94.113701	1
220	548993.4933	9797722.967	92.461601	1
221	549023.4933	9797722.967	91.0364	1
222	549053.4933	9797722.967	90.023804	1
223	549083.4933	9797722.967	89.403	1
224	549113.4933	9797722.967	89.014503	1
225	549143.4933	9797722.967	88.805397	1
226	549173.4933	9797722.967	88.623398	1
227	549203.4933	9797722.967	88.723602	1
228	549233.4933	9797722.967	88.8284	1
229	549263.4933	9797722.967	88.887901	1
230	549293.4933	9797722.967	89.141899	1
231	549323.4933	9797722.967	89.409798	1
232	549353.4933	9797722.967	89.4291	1
233	549383.4933	9797722.967	88.495499	1
234	549413.4933	9797722.967	85.910698	2
235	549443.4933	9797722.967	83.181602	1
236	549473.4933	9797722.967	81.284698	1
237	549503.4933	9797722.967	80.916496	1
238	549533.4933	9797722.967	80.849602	1
239	549563.4933	9797722.967	80.257401	1
240	549593.4933	9797722.967	78.824501	1
241	549623.4933	9797722.967	77.422897	1
242	549653.4933	9797722.967	76.048897	1
243	549683.4933	9797722.967	75.147598	1
244	549713.4933	9797722.967	74.123596	1
245	549743.4933	9797722.967	73.053497	1
246	549773.4933	9797722.967	71.9814	1
247	549803.4933	9797722.967	71.021301	1
248	549833.4933	9797722.967	70.329002	1
249	549863.4933	9797722.967	70.027802	1
250	549893.4933	9797722.967	69.450302	1
251	549923.4933	9797722.967	67.548698	2
252	549953.4933	9797722.967	63.6656	3
253	549983.4933	9797722.967	63.6656	3
254	550013.4933	9797722.967	59.3633	3
255	550043.4933	9797722.967	55.632099	2
256	550073.4933	9797722.967	54.592701	1
257	550103.4933	9797722.967	54.592701	1
258	550133.4933	9797722.967	54.592701	1
259	550163.4933	9797722.967	54.592701	1
260	550193.4933	9797722.967	56.7491	2
261	550223.4933	9797722.967	59.618198	2
262	550253.4933	9797722.967	62.5028	2
263	550283.4933	9797722.967	64.908798	1
264	550313.4933	9797722.967	66.346001	1
265	550343.4933	9797722.967	66.426102	1
266	550373.4933	9797722.967	65.737	1
267	550403.4933	9797722.967	64.574799	1
268	550433.4933	9797722.967	63.645401	1
269	550463.4933	9797722.967	62.779499	1
270	550493.4933	9797722.967	61.831001	1
271	548903.4933	9797752.967	97.954002	1
272	548933.4933	9797752.967	96.339401	1
273	548963.4933	9797752.967	94.679901	1
274	548993.4933	9797752.967	93.1576	1
275	549023.4933	9797752.967	91.3647	1
276	549053.4933	9797752.967	90.306602	1
277	549083.4933	9797752.967	89.536301	1
278	549113.4933	9797752.967	89.073601	1
279	549143.4933	9797752.967	88.894096	1
280	549173.4933	9797752.967	88.713097	1
281	549203.4933	9797752.967	89.239601	1
282	549233.4933	9797752.967	89.024498	1
283	549263.4933	9797752.967	88.806396	1
284	549293.4933	9797752.967	88.525398	1
285	549323.4933	9797752.967	88.852798	1
286	549353.4933	9797752.967	88.887199	1
287	549383.4933	9797752.967	87.805	1
288	549413.4933	9797752.967	85.689102	1
289	549443.4933	9797752.967	83.065903	1
290	549473.4933	9797752.967	81.561699	1
291	549503.4933	9797752.967	81.009804	1
292	549533.4933	9797752.967	80.5112	1
293	549563.4933	9797752.967	79.370697	1
294	549593.4933	9797752.967	78.262901	1
295	549623.4933	9797752.967	76.972099	1
296	549653.4933	9797752.967	76.1166	1
297	549683.4933	9797752.967	75.438698	1
298	549713.4933	9797752.967	74.5625	1
299	549743.4933	9797752.967	73.809097	1
300	549773.4933	9797752.967	72.215797	1
301	549803.4933	9797752.967	70.715698	1
302	549833.4933	9797752.967	69.547302	1
303	549863.4933	9797752.967	69.588699	1
304	549893.4933	9797752.967	69.301102	1
305	549923.4933	9797752.967	67.586098	1
306	549953.4933	9797752.967	64.926399	3
307	549983.4933	9797752.967	64.926399	3
308	550013.4933	9797752.967	60.7584	3
309	550043.4933	9797752.967	57.784599	3
310	550073.4933	9797752.967	55.336498	1
311	550103.4933	9797752.967	54.592701	1
312	550133.4933	9797752.967	54.592701	1
313	550163.4933	9797752.967	54.592701	1
314	550193.4933	9797752.967	56.712898	2
315	550223.4933	9797752.967	59.786098	3
316	550253.4933	9797752.967	63.039902	3
317	550283.4933	9797752.967	65.894302	1
318	550313.4933	9797752.967	67.616898	1
319	550343.4933	9797752.967	67.7938	1
320	550373.4933	9797752.967	67.189598	1
321	550403.4933	9797752.967	65.981499	1
322	550433.4933	9797752.967	65.134697	1
323	550463.4933	9797752.967	64.098503	1
324	550493.4933	9797752.967	63.507801	1
325	548903.4933	9797782.967	97.1931	1
326	548933.4933	9797782.967	95.819702	1
327	548963.4933	9797782.967	94.407501	1
328	548993.4933	9797782.967	93.043602	1
329	549023.4933	9797782.967	91.705597	1
330	549053.4933	9797782.967	90.689796	1
331	549083.4933	9797782.967	89.897202	1
332	549113.4933	9797782.967	89.329597	1
333	549143.4933	9797782.967	89.018898	1
334	549173.4933	9797782.967	88.783699	1
335	549203.4933	9797782.967	88.610901	1
336	549233.4933	9797782.967	88.0886	1
337	549263.4933	9797782.967	87.634903	1
338	549293.4933	9797782.967	87.485901	1
339	549323.4933	9797782.967	87.732803	1
340	549353.4933	9797782.967	87.725998	1
341	549383.4933	9797782.967	86.933601	1
342	549413.4933	9797782.967	85.141197	1
343	549443.4933	9797782.967	83.136002	1
344	549473.4933	9797782.967	81.540901	1
345	549503.4933	9797782.967	80.676804	1
346	549533.4933	9797782.967	80.082199	1
347	549563.4933	9797782.967	79.317802	1
348	549593.4933	9797782.967	78.382698	1
349	549623.4933	9797782.967	77.427803	1
350	549653.4933	9797782.967	76.581902	1
351	549683.4933	9797782.967	76.027199	1
352	549713.4933	9797782.967	75.358803	1
353	549743.4933	9797782.967	74.313698	1
354	549773.4933	9797782.967	72.506699	1
355	549803.4933	9797782.967	70.719299	1
356	549833.4933	9797782.967	69.672699	1
357	549863.4933	9797782.967	69.4487	1
358	549893.4933	9797782.967	69.1073	1
359	549923.4933	9797782.967	67.942703	1
360	549953.4933	9797782.967	65.6297	2
361	549983.4933	9797782.967	65.6297	2
362	550013.4933	9797782.967	62.719299	3
363	550043.4933	9797782.967	59.529202	3
364	550073.4933	9797782.967	56.3396	2
365	550103.4933	9797782.967	54.592701	1
366	550133.4933	9797782.967	54.592701	1
367	550163.4933	9797782.967	54.592701	1
368	550193.4933	9797782.967	56.783298	2
369	550223.4933	9797782.967	59.933899	3
370	550253.4933	9797782.967	63.525002	3
371	550283.4933	9797782.967	66.742599	2
372	550313.4933	9797782.967	68.781601	1
373	550343.4933	9797782.967	69.296303	1
374	550373.4933	9797782.967	68.890297	1
375	550403.4933	9797782.967	68.048401	1
376	550433.4933	9797782.967	67.202904	1
377	550463.4933	9797782.967	66.265602	1
378	550493.4933	9797782.967	65.388802	1
379	548903.4933	9797812.967	95.982201	1
380	548933.4933	9797812.967	94.967697	1
381	548963.4933	9797812.967	93.812202	1
382	548993.4933	9797812.967	92.692299	1
383	549023.4933	9797812.967	91.887604	1
384	549053.4933	9797812.967	91.018303	1
385	549083.4933	9797812.967	90.227501	1
386	549113.4933	9797812.967	89.628998	1
387	549143.4933	9797812.967	89.0224	1
388	549173.4933	9797812.967	88.482002	1
389	549203.4933	9797812.967	87.565399	1
390	549233.4933	9797812.967	86.752502	1
391	549263.4933	9797812.967	86.139503	1
392	549293.4933	9797812.967	86.045898	1
393	549323.4933	9797812.967	86.232201	1
394	549353.4933	9797812.967	86.278999	1
395	549383.4933	9797812.967	85.879799	1
396	549413.4933	9797812.967	84.488297	1
397	549443.4933	9797812.967	82.785004	1
398	549473.4933	9797812.967	81.257797	1
399	549503.4933	9797812.967	80.389198	1
400	549533.4933	9797812.967	79.776497	1
401	549563.4933	9797812.967	79.2771	1
402	549593.4933	9797812.967	78.446198	1
403	549623.4933	9797812.967	77.603104	1
404	549653.4933	9797812.967	76.978401	1
405	549683.4933	9797812.967	76.481003	1
406	549713.4933	9797812.967	75.871101	1
407	549743.4933	9797812.967	74.563301	1
408	549773.4933	9797812.967	72.718102	1
409	549803.4933	9797812.967	70.886299	1
410	549833.4933	9797812.967	69.6651	1
411	549863.4933	9797812.967	69.297203	1
412	549893.4933	9797812.967	68.964798	1
413	549923.4933	9797812.967	68.2612	1
414	549953.4933	9797812.967	66.476997	1
415	549983.4933	9797812.967	66.476997	1
416	550013.4933	9797812.967	63.948601	2
417	550043.4933	9797812.967	60.8027	3
418	550073.4933	9797812.967	57.515999	2
419	550103.4933	9797812.967	54.8918	1
420	550133.4933	9797812.967	54.592701	1
421	550163.4933	9797812.967	54.592701	1
422	550193.4933	9797812.967	56.651001	2
423	550223.4933	9797812.967	59.995098	3
424	550253.4933	9797812.967	63.7071	3
425	550283.4933	9797812.967	67.138199	2
426	550313.4933	9797812.967	69.590302	1
427	550343.4933	9797812.967	70.403297	1
428	550373.4933	9797812.967	70.275299	1
429	550403.4933	9797812.967	69.781197	1
430	550433.4933	9797812.967	69.123497	1
431	550463.4933	9797812.967	68.247002	1
432	550493.4933	9797812.967	67.056503	1
433	548903.4933	9797842.967	94.515099	1
434	548933.4933	9797842.967	93.851097	1
435	548963.4933	9797842.967	93.069603	1
436	548993.4933	9797842.967	92.215599	1
437	549023.4933	9797842.967	91.585403	1
438	549053.4933	9797842.967	91.1717	1
439	549083.4933	9797842.967	90.879097	1
440	549113.4933	9797842.967	90.219299	1
441	549143.4933	9797842.967	88.933098	1
442	549173.4933	9797842.967	87.534302	1
443	549203.4933	9797842.967	86.149696	1
444	549233.4933	9797842.967	85.228203	1
445	549263.4933	9797842.967	84.512802	1
446	549293.4933	9797842.967	84.312897	1
447	549323.4933	9797842.967	84.549698	1
448	549353.4933	9797842.967	84.727097	1
449	549383.4933	9797842.967	84.547501	1
450	549413.4933	9797842.967	83.674896	1
451	549443.4933	9797842.967	82.233498	1
452	549473.4933	9797842.967	80.831596	1
453	549503.4933	9797842.967	79.888702	1
454	549533.4933	9797842.967	79.184097	1
455	549563.4933	9797842.967	78.788399	1
456	549593.4933	9797842.967	78.106598	1
457	549623.4933	9797842.967	77.431297	1
458	549653.4933	9797842.967	76.957497	1
459	549683.4933	9797842.967	76.370796	1
460	549713.4933	9797842.967	75.677299	1
461	549743.4933	9797842.967	74.105103	1
462	549773.4933	9797842.967	72.603897	1
463	549803.4933	9797842.967	71.150703	1
464	549833.4933	9797842.967	70.010902	1
465	549863.4933	9797842.967	69.080101	1
466	549893.4933	9797842.967	68.186798	1
467	549923.4933	9797842.967	67.692001	1
468	549953.4933	9797842.967	66.783401	1
469	549983.4933	9797842.967	66.783401	1
470	550013.4933	9797842.967	64.844498	1
471	550043.4933	9797842.967	61.893902	3
472	550073.4933	9797842.967	58.333801	3
473	550103.4933	9797842.967	55.360699	1
474	550133.4933	9797842.967	54.592701	1
475	550163.4933	9797842.967	54.592701	1
476	550193.4933	9797842.967	56.4604	2
477	550223.4933	9797842.967	59.727402	3
478	550253.4933	9797842.967	63.4389	3
479	550283.4933	9797842.967	66.942497	3
480	550313.4933	9797842.967	69.7444	1
481	550343.4933	9797842.967	70.8302	1
482	550373.4933	9797842.967	70.971397	1
483	550403.4933	9797842.967	70.7976	1
484	550433.4933	9797842.967	70.539597	1
485	550463.4933	9797842.967	70.039001	1
486	550493.4933	9797842.967	68.7202	1
487	548903.4933	9797872.967	93.532997	1
488	548933.4933	9797872.967	93.110802	1
489	548963.4933	9797872.967	92.616699	1
490	548993.4933	9797872.967	92.081398	1
491	549023.4933	9797872.967	91.610001	1
492	549053.4933	9797872.967	91.286499	1
493	549083.4933	9797872.967	90.813499	1
494	549113.4933	9797872.967	90.010498	1
495	549143.4933	9797872.967	88.539101	1
496	549173.4933	9797872.967	86.877701	1
497	549203.4933	9797872.967	85.255402	1
498	549233.4933	9797872.967	84.035202	1
499	549263.4933	9797872.967	83.129898	1
500	549293.4933	9797872.967	82.741798	1
501	549323.4933	9797872.967	82.945297	1
502	549353.4933	9797872.967	83.142601	1
503	549383.4933	9797872.967	83.0084	1
504	549413.4933	9797872.967	82.201797	1
505	549443.4933	9797872.967	81.108002	1
506	549473.4933	9797872.967	79.935997	1
507	549503.4933	9797872.967	78.991402	1
508	549533.4933	9797872.967	78.160896	1
509	549563.4933	9797872.967	77.338799	1
510	549593.4933	9797872.967	76.738197	1
511	549623.4933	9797872.967	76.050201	1
512	549653.4933	9797872.967	75.5979	1
513	549683.4933	9797872.967	75.0354	1
514	549713.4933	9797872.967	74.441498	1
515	549743.4933	9797872.967	73.547302	1
516	549773.4933	9797872.967	72.231796	1
517	549803.4933	9797872.967	70.944901	1
518	549833.4933	9797872.967	69.627098	1
519	549863.4933	9797872.967	68.420303	1
520	549893.4933	9797872.967	67.2314	1
521	549923.4933	9797872.967	66.239799	1
522	549953.4933	9797872.967	65.437698	1
523	549983.4933	9797872.967	65.437698	1
524	550013.4933	9797872.967	64.104698	1
525	550043.4933	9797872.967	61.7206	2
526	550073.4933	9797872.967	58.5242	2
527	550103.4933	9797872.967	55.636002	1
528	550133.4933	9797872.967	54.592701	1
529	550163.4933	9797872.967	54.592701	1
530	550193.4933	9797872.967	55.997501	1
531	550223.4933	9797872.967	58.760502	3
532	550253.4933	9797872.967	62.369301	3
533	550283.4933	9797872.967	65.7957	3
534	550313.4933	9797872.967	68.3899	1
535	550343.4933	9797872.967	69.969902	1
536	550373.4933	9797872.967	70.581703	1
537	550403.4933	9797872.967	70.834198	1
538	550433.4933	9797872.967	70.806396	1
539	550463.4933	9797872.967	70.452904	1
540	550493.4933	9797872.967	69.7659	1
541	548903.4933	9797902.967	92.595901	1
542	548933.4933	9797902.967	92.432198	1
543	548963.4933	9797902.967	92.158699	1
544	548993.4933	9797902.967	91.787399	1
545	549023.4933	9797902.967	91.413002	1
546	549053.4933	9797902.967	91.065598	1
547	549083.4933	9797902.967	90.4412	1
548	549113.4933	9797902.967	89.352501	1
549	549143.4933	9797902.967	87.837303	1
550	549173.4933	9797902.967	86.164001	1
551	549203.4933	9797902.967	84.497597	1
552	549233.4933	9797902.967	83.039101	1
553	549263.4933	9797902.967	81.925201	1
554	549293.4933	9797902.967	81.430702	1
555	549323.4933	9797902.967	81.484398	1
556	549353.4933	9797902.967	81.659599	1
557	549383.4933	9797902.967	81.516098	1
558	549413.4933	9797902.967	80.720703	1
559	549443.4933	9797902.967	79.688103	1
560	549473.4933	9797902.967	78.732697	1
561	549503.4933	9797902.967	77.829498	1
562	549533.4933	9797902.967	76.944	1
563	549563.4933	9797902.967	75.940002	1
564	549593.4933	9797902.967	75.016296	1
565	549623.4933	9797902.967	74.2808	1
566	549653.4933	9797902.967	73.608597	1
567	549683.4933	9797902.967	73.189003	1
568	549713.4933	9797902.967	72.776604	1
569	549743.4933	9797902.967	72.488098	1
570	549773.4933	9797902.967	71.486801	1
571	549803.4933	9797902.967	70.217598	1
572	549833.4933	9797902.967	68.892502	1
573	549863.4933	9797902.967	67.414902	1
574	549893.4933	9797902.967	66.084	1
575	549923.4933	9797902.967	64.582802	1
576	549953.4933	9797902.967	63.6693	1
577	549983.4933	9797902.967	63.6693	1
578	550013.4933	9797902.967	62.526199	1
579	550043.4933	9797902.967	60.953602	2
580	550073.4933	9797902.967	58.069	2
581	550103.4933	9797902.967	55.350399	1
582	550133.4933	9797902.967	54.592701	1
583	550163.4933	9797902.967	54.592701	1
584	550193.4933	9797902.967	55.383801	1
585	550223.4933	9797902.967	57.646198	2
586	550253.4933	9797902.967	60.918201	3
587	550283.4933	9797902.967	64.320297	3
588	550313.4933	9797902.967	67.006401	2
589	550343.4933	9797902.967	68.783401	1
590	550373.4933	9797902.967	69.864601	1
591	550403.4933	9797902.967	70.395599	1
592	550433.4933	9797902.967	70.881104	1
593	550463.4933	9797902.967	70.753403	1
594	550493.4933	9797902.967	70.283798	1
595	548903.4933	9797932.967	91.724602	1
596	548933.4933	9797932.967	91.823502	1
597	548963.4933	9797932.967	91.623901	1
598	548993.4933	9797932.967	91.160797	1
599	549023.4933	9797932.967	91.111603	1
600	549053.4933	9797932.967	90.369003	1
601	549083.4933	9797932.967	89.145401	1
602	549113.4933	9797932.967	87.910797	1
603	549143.4933	9797932.967	86.9711	1
604	549173.4933	9797932.967	85.499001	1
605	549203.4933	9797932.967	83.865501	1
606	549233.4933	9797932.967	82.306999	1
607	549263.4933	9797932.967	81.102699	1
608	549293.4933	9797932.967	80.4944	1
609	549323.4933	9797932.967	80.298302	1
610	549353.4933	9797932.967	80.164703	1
611	549383.4933	9797932.967	79.941498	1
612	549413.4933	9797932.967	79.155701	1
613	549443.4933	9797932.967	78.248299	1
614	549473.4933	9797932.967	77.369301	1
615	549503.4933	9797932.967	76.458801	1
616	549533.4933	9797932.967	75.6045	1
617	549563.4933	9797932.967	74.375198	1
618	549593.4933	9797932.967	73.305901	1
619	549623.4933	9797932.967	72.2817	1
620	549653.4933	9797932.967	71.514198	1
621	549683.4933	9797932.967	71.323997	1
622	549713.4933	9797932.967	70.997803	1
623	549743.4933	9797932.967	71.120598	1
624	549773.4933	9797932.967	70.333504	1
625	549803.4933	9797932.967	69.273102	1
626	549833.4933	9797932.967	67.603104	1
627	549863.4933	9797932.967	66.1194	1
628	549893.4933	9797932.967	64.734802	1
629	549923.4933	9797932.967	63.07	1
630	549953.4933	9797932.967	61.5107	1
631	549983.4933	9797932.967	61.5107	1
632	550013.4933	9797932.967	60.123798	2
633	550043.4933	9797932.967	58.800598	2
634	550073.4933	9797932.967	56.814602	1
635	550103.4933	9797932.967	54.830399	1
636	550133.4933	9797932.967	54.592701	1
637	550163.4933	9797932.967	54.592701	1
638	550193.4933	9797932.967	54.592701	1
639	550223.4933	9797932.967	56.398701	2
640	550253.4933	9797932.967	59.273998	3
641	550283.4933	9797932.967	62.650501	3
642	550313.4933	9797932.967	65.218201	2
643	550343.4933	9797932.967	67.746597	1
644	550373.4933	9797932.967	69.590897	1
645	550403.4933	9797932.967	70.846199	1
646	550433.4933	9797932.967	71.340401	1
647	550463.4933	9797932.967	71.240601	1
648	550493.4933	9797932.967	71.016296	1
649	548903.4933	9797962.967	90.802399	1
650	548933.4933	9797962.967	91.0466	1
651	548963.4933	9797962.967	90.891296	1
652	548993.4933	9797962.967	90.406197	1
653	549023.4933	9797962.967	89.797798	1
654	549053.4933	9797962.967	88.690697	1
655	549083.4933	9797962.967	87.4468	1
656	549113.4933	9797962.967	86.197403	1
657	549143.4933	9797962.967	85.350601	1
658	549173.4933	9797962.967	84.482399	1
659	549203.4933	9797962.967	83.246902	1
660	549233.4933	9797962.967	81.892998	1
661	549263.4933	9797962.967	80.649803	1
662	549293.4933	9797962.967	79.849503	1
663	549323.4933	9797962.967	79.3965	1
664	549353.4933	9797962.967	79.041901	1
665	549383.4933	9797962.967	78.582199	1
666	549413.4933	9797962.967	77.7556	1
667	549443.4933	9797962.967	76.791397	1
668	549473.4933	9797962.967	75.833099	1
669	549503.4933	9797962.967	74.988899	1
670	549533.4933	9797962.967	74.140404	1
671	549563.4933	9797962.967	73.0952	1
672	549593.4933	9797962.967	71.985199	1
673	549623.4933	9797962.967	70.990997	1
674	549653.4933	9797962.967	70.250198	1
675	549683.4933	9797962.967	69.995903	1
676	549713.4933	9797962.967	69.807999	1
677	549743.4933	9797962.967	69.545197	1
678	549773.4933	9797962.967	68.793198	1
679	549803.4933	9797962.967	67.724899	1
680	549833.4933	9797962.967	66.271103	1
681	549863.4933	9797962.967	64.706703	1
682	549893.4933	9797962.967	63.068001	1
683	549923.4933	9797962.967	61.466301	1
684	549953.4933	9797962.967	59.854401	1
685	549983.4933	9797962.967	59.854401	1
686	550013.4933	9797962.967	58.2211	1
687	550043.4933	9797962.967	56.6922	1
688	550073.4933	9797962.967	55.007	1
689	550103.4933	9797962.967	54.592701	1
690	550133.4933	9797962.967	54.592701	1
691	550163.4933	9797962.967	54.592701	1
692	550193.4933	9797962.967	54.592701	1
693	550223.4933	9797962.967	54.6735	1
694	550253.4933	9797962.967	57.668598	3
695	550283.4933	9797962.967	61.182098	3
696	550313.4933	9797962.967	64.564201	3
697	550343.4933	9797962.967	67.773598	2
698	550373.4933	9797962.967	70.378998	1
699	550403.4933	9797962.967	72.047699	1
700	550433.4933	9797962.967	72.798698	1
701	550463.4933	9797962.967	72.798401	1
702	550493.4933	9797962.967	72.352997	1
703	548903.4933	9797992.967	89.635201	1
704	548933.4933	9797992.967	90.1437	1
705	548963.4933	9797992.967	89.942802	1
706	548993.4933	9797992.967	89.377098	1
707	549023.4933	9797992.967	88.2229	1
708	549053.4933	9797992.967	86.827202	1
709	549083.4933	9797992.967	85.576599	1
710	549113.4933	9797992.967	84.4757	1
711	549143.4933	9797992.967	83.9701	1
712	549173.4933	9797992.967	83.2892	1
713	549203.4933	9797992.967	82.594902	1
714	549233.4933	9797992.967	81.573898	1
715	549263.4933	9797992.967	80.366402	1
716	549293.4933	9797992.967	79.3582	1
717	549323.4933	9797992.967	78.635498	1
718	549353.4933	9797992.967	77.993202	1
719	549383.4933	9797992.967	77.328102	1
720	549413.4933	9797992.967	76.3647	1
721	549443.4933	9797992.967	75.287498	1
722	549473.4933	9797992.967	74.256302	1
723	549503.4933	9797992.967	73.354698	1
724	549533.4933	9797992.967	72.507103	1
725	549563.4933	9797992.967	71.6287	1
726	549593.4933	9797992.967	70.6577	1
727	549623.4933	9797992.967	69.729797	1
728	549653.4933	9797992.967	69.042397	1
729	549683.4933	9797992.967	68.727097	1
730	549713.4933	9797992.967	68.418198	1
731	549743.4933	9797992.967	67.816498	1
732	549773.4933	9797992.967	66.903397	1
733	549803.4933	9797992.967	65.830704	1
734	549833.4933	9797992.967	64.579498	2
735	549863.4933	9797992.967	62.9464	2
736	549893.4933	9797992.967	61.210098	2
737	549923.4933	9797992.967	59.652802	1
738	549953.4933	9797992.967	58.050301	1
739	549983.4933	9797992.967	58.050301	1
740	550013.4933	9797992.967	56.638302	1
741	550043.4933	9797992.967	54.972099	1
742	550073.4933	9797992.967	54.592701	1
743	550103.4933	9797992.967	54.592701	1
744	550133.4933	9797992.967	54.592701	1
745	550163.4933	9797992.967	54.592701	1
746	550193.4933	9797992.967	54.592701	1
747	550223.4933	9797992.967	54.592701	1
748	550253.4933	9797992.967	56.366798	2
749	550283.4933	9797992.967	60.2505	3
750	550313.4933	9797992.967	64.2995	3
751	550343.4933	9797992.967	68.274498	3
752	550373.4933	9797992.967	71.281998	2
753	550403.4933	9797992.967	73.507599	1
754	550433.4933	9797992.967	74.491798	1
755	550463.4933	9797992.967	74.533401	1
756	550493.4933	9797992.967	73.873001	1
757	548903.4933	9798022.967	88.272598	1
758	548933.4933	9798022.967	88.891602	1
759	548963.4933	9798022.967	88.765701	1
760	548993.4933	9798022.967	88.2593	1
761	549023.4933	9798022.967	86.656197	1
762	549053.4933	9798022.967	85.343002	1
763	549083.4933	9798022.967	84.018097	1
764	549113.4933	9798022.967	83.1073	1
765	549143.4933	9798022.967	82.847603	1
766	549173.4933	9798022.967	82.434402	1
767	549203.4933	9798022.967	82.5056	1
768	549233.4933	9798022.967	81.1418	1
769	549263.4933	9798022.967	79.773201	1
770	549293.4933	9798022.967	78.236801	1
771	549323.4933	9798022.967	77.822098	1
772	549353.4933	9798022.967	77.473	1
773	549383.4933	9798022.967	76.664398	1
774	549413.4933	9798022.967	75.020599	1
775	549443.4933	9798022.967	73.4076	1
776	549473.4933	9798022.967	72.169197	1
777	549503.4933	9798022.967	71.4645	1
778	549533.4933	9798022.967	70.777	1
779	549563.4933	9798022.967	69.977898	1
780	549593.4933	9798022.967	69.095901	1
781	549623.4933	9798022.967	68.297997	1
782	549653.4933	9798022.967	67.688904	1
783	549683.4933	9798022.967	67.227303	1
784	549713.4933	9798022.967	66.687401	1
785	549743.4933	9798022.967	65.887703	1
786	549773.4933	9798022.967	64.661903	2
787	549803.4933	9798022.967	63.2323	2
788	549833.4933	9798022.967	62.1908	2
789	549863.4933	9798022.967	60.610802	2
790	549893.4933	9798022.967	59.181499	2
791	549923.4933	9798022.967	57.4352	1
792	549953.4933	9798022.967	56.491001	1
793	549983.4933	9798022.967	56.491001	1
794	550013.4933	9798022.967	55.505501	1
795	550043.4933	9798022.967	54.592701	1
796	550073.4933	9798022.967	54.592701	1
797	550103.4933	9798022.967	54.592701	1
798	550133.4933	9798022.967	54.592701	1
799	550163.4933	9798022.967	54.592701	1
800	550193.4933	9798022.967	54.592701	1
801	550223.4933	9798022.967	54.592701	1
802	550253.4933	9798022.967	55.833	2
803	550283.4933	9798022.967	60.003502	3
804	550313.4933	9798022.967	64.993797	3
805	550343.4933	9798022.967	69.099098	3
806	550373.4933	9798022.967	72.223503	2
807	550403.4933	9798022.967	74.783798	1
808	550433.4933	9798022.967	75.881203	1
809	550463.4933	9798022.967	76.076897	1
810	550493.4933	9798022.967	75.068703	1
811	548903.4933	9798052.967	86.355301	1
812	548933.4933	9798052.967	87.034103	1
813	548963.4933	9798052.967	87.2267	1
814	548993.4933	9798052.967	86.947899	1
815	549023.4933	9798052.967	85.967201	1
816	549053.4933	9798052.967	84.722298	1
817	549083.4933	9798052.967	83.473602	1
818	549113.4933	9798052.967	82.602798	1
819	549143.4933	9798052.967	82.390404	1
820	549173.4933	9798052.967	82.209702	1
821	549203.4933	9798052.967	81.753304	1
822	549233.4933	9798052.967	80.339798	1
823	549263.4933	9798052.967	78.754601	1
824	549293.4933	9798052.967	77.498497	1
825	549323.4933	9798052.967	76.9842	1
826	549353.4933	9798052.967	76.484703	1
827	549383.4933	9798052.967	75.5485	1
828	549413.4933	9798052.967	73.713898	1
829	549443.4933	9798052.967	71.775002	1
830	549473.4933	9798052.967	70.2696	1
831	549503.4933	9798052.967	69.361504	1
832	549533.4933	9798052.967	68.696297	1
833	549563.4933	9798052.967	67.974503	1
834	549593.4933	9798052.967	67.1912	1
835	549623.4933	9798052.967	66.451103	1
836	549653.4933	9798052.967	65.813004	1
837	549683.4933	9798052.967	65.255501	1
838	549713.4933	9798052.967	64.576401	1
839	549743.4933	9798052.967	63.614799	2
840	549773.4933	9798052.967	62.134701	2
841	549803.4933	9798052.967	60.469799	2
842	549833.4933	9798052.967	59.0033	3
843	549863.4933	9798052.967	57.584801	2
844	549893.4933	9798052.967	56.3713	1
845	549923.4933	9798052.967	55.335098	1
846	549953.4933	9798052.967	54.9217	1
847	549983.4933	9798052.967	54.9217	1
848	550013.4933	9798052.967	54.592701	1
849	550043.4933	9798052.967	54.592701	1
850	550073.4933	9798052.967	54.592701	1
851	550103.4933	9798052.967	54.592701	1
852	550133.4933	9798052.967	54.592701	1
853	550163.4933	9798052.967	54.592701	1
854	550193.4933	9798052.967	54.592701	1
855	550223.4933	9798052.967	54.592701	1
856	550253.4933	9798052.967	56.1399	3
857	550283.4933	9798052.967	60.757301	3
858	550313.4933	9798052.967	65.562599	3
859	550343.4933	9798052.967	69.602798	3
860	550373.4933	9798052.967	72.8797	2
861	550403.4933	9798052.967	75.256203	1
862	550433.4933	9798052.967	76.388901	1
863	550463.4933	9798052.967	76.570297	1
864	550493.4933	9798052.967	75.935402	1
865	548903.4933	9798082.967	84.306198	1
866	548933.4933	9798082.967	85.132698	1
867	548963.4933	9798082.967	85.537102	1
868	548993.4933	9798082.967	85.549103	1
869	549023.4933	9798082.967	85.275803	1
870	549053.4933	9798082.967	84.193703	1
871	549083.4933	9798082.967	82.987396	1
872	549113.4933	9798082.967	82.084	1
873	549143.4933	9798082.967	81.9366	1
874	549173.4933	9798082.967	81.807297	1
875	549203.4933	9798082.967	80.839897	1
876	549233.4933	9798082.967	79.337997	1
877	549263.4933	9798082.967	77.7257	1
878	549293.4933	9798082.967	76.694199	1
879	549323.4933	9798082.967	76.013397	1
880	549353.4933	9798082.967	75.280602	1
881	549383.4933	9798082.967	74.156601	1
882	549413.4933	9798082.967	72.2146	2
883	549443.4933	9798082.967	70.150398	2
884	549473.4933	9798082.967	68.280502	1
885	549503.4933	9798082.967	67.234497	1
886	549533.4933	9798082.967	66.509399	1
887	549563.4933	9798082.967	65.923698	1
888	549593.4933	9798082.967	65.125603	1
889	549623.4933	9798082.967	64.363297	1
890	549653.4933	9798082.967	63.688099	1
891	549683.4933	9798082.967	63.185699	1
892	549713.4933	9798082.967	62.536701	1
893	549743.4933	9798082.967	61.3969	1
894	549773.4933	9798082.967	59.8522	2
895	549803.4933	9798082.967	58.141102	2
896	549833.4933	9798082.967	56.297901	1
897	549863.4933	9798082.967	55.101101	1
898	549893.4933	9798082.967	54.592701	1
899	549923.4933	9798082.967	54.592701	1
900	549953.4933	9798082.967	54.592701	1
901	549983.4933	9798082.967	54.592701	1
902	550013.4933	9798082.967	54.592701	1
903	550043.4933	9798082.967	54.592701	1
904	550073.4933	9798082.967	54.592701	1
905	550103.4933	9798082.967	54.592701	1
906	550133.4933	9798082.967	54.592701	1
907	550163.4933	9798082.967	54.592701	1
908	550193.4933	9798082.967	54.592701	1
909	550223.4933	9798082.967	54.592701	1
910	550253.4933	9798082.967	56.941399	3
911	550283.4933	9798082.967	61.569698	3
912	550313.4933	9798082.967	66.075302	3
913	550343.4933	9798082.967	70.205704	3
914	550373.4933	9798082.967	73.578903	2
915	550403.4933	9798082.967	75.642097	1
916	550433.4933	9798082.967	76.7696	1
917	550463.4933	9798082.967	77.045502	1
918	550493.4933	9798082.967	76.842201	1
919	548903.4933	9798112.967	82.2985	1
920	548933.4933	9798112.967	82.976097	1
921	548963.4933	9798112.967	83.677101	1
922	548993.4933	9798112.967	84.1278	1
923	549023.4933	9798112.967	84.351997	1
924	549053.4933	9798112.967	83.387497	1
925	549083.4933	9798112.967	82.230301	1
926	549113.4933	9798112.967	81.397697	1
927	549143.4933	9798112.967	81.014198	1
928	549173.4933	9798112.967	81.105904	1
929	549203.4933	9798112.967	79.715797	1
930	549233.4933	9798112.967	78.182503	1
931	549263.4933	9798112.967	76.573502	1
932	549293.4933	9798112.967	75.781601	1
933	549323.4933	9798112.967	74.910698	1
934	549353.4933	9798112.967	73.8992	1
935	549383.4933	9798112.967	72.388802	1
936	549413.4933	9798112.967	70.763802	2
937	549443.4933	9798112.967	68.440002	2
938	549473.4933	9798112.967	66.521698	1
939	549503.4933	9798112.967	65.273903	1
940	549533.4933	9798112.967	64.412102	1
941	549563.4933	9798112.967	63.976799	1
942	549593.4933	9798112.967	63.056999	1
943	549623.4933	9798112.967	62.105	1
944	549653.4933	9798112.967	61.482399	1
945	549683.4933	9798112.967	61.236198	1
946	549713.4933	9798112.967	61.028801	1
947	549743.4933	9798112.967	59.910198	1
948	549773.4933	9798112.967	58.335098	1
949	549803.4933	9798112.967	56.627201	1
950	549833.4933	9798112.967	54.795898	1
951	549863.4933	9798112.967	54.592701	1
952	549893.4933	9798112.967	54.592701	1
953	549923.4933	9798112.967	54.592701	1
954	549953.4933	9798112.967	54.592701	1
955	549983.4933	9798112.967	54.592701	1
956	550013.4933	9798112.967	55.1175	1
957	550043.4933	9798112.967	55.804298	1
958	550073.4933	9798112.967	55.115501	1
959	550103.4933	9798112.967	54.592701	1
960	550133.4933	9798112.967	54.592701	1
961	550163.4933	9798112.967	54.592701	1
962	550193.4933	9798112.967	54.592701	1
963	550223.4933	9798112.967	54.592701	1
964	550253.4933	9798112.967	57.785198	3
965	550283.4933	9798112.967	62.395802	3
966	550313.4933	9798112.967	66.851303	3
967	550343.4933	9798112.967	70.831001	3
968	550373.4933	9798112.967	74.101196	2
969	550403.4933	9798112.967	76.0121	1
970	550433.4933	9798112.967	77.312202	1
971	550463.4933	9798112.967	77.767998	1
972	550493.4933	9798112.967	77.908501	1
973	548903.4933	9798142.967	80.534203	1
974	548933.4933	9798142.967	81.075699	1
975	548963.4933	9798142.967	81.8041	1
976	548993.4933	9798142.967	82.281197	1
977	549023.4933	9798142.967	82.227997	1
978	549053.4933	9798142.967	81.621597	1
979	549083.4933	9798142.967	80.738098	1
980	549113.4933	9798142.967	80.212898	1
981	549143.4933	9798142.967	79.626198	1
982	549173.4933	9798142.967	79.287201	1
983	549203.4933	9798142.967	78.594398	1
984	549233.4933	9798142.967	77.408897	1
985	549263.4933	9798142.967	76.156898	1
986	549293.4933	9798142.967	74.750099	1
987	549323.4933	9798142.967	73.515404	1
988	549353.4933	9798142.967	71.952797	1
989	549383.4933	9798142.967	70.279297	2
990	549413.4933	9798142.967	68.501999	2
991	549443.4933	9798142.967	66.7164	2
992	549473.4933	9798142.967	65.0187	1
993	549503.4933	9798142.967	63.714901	1
994	549533.4933	9798142.967	62.648701	1
995	549563.4933	9798142.967	61.731098	1
996	549593.4933	9798142.967	60.967899	1
997	549623.4933	9798142.967	60.252701	1
998	549653.4933	9798142.967	59.934898	1
999	549683.4933	9798142.967	59.7757	1
1000	549713.4933	9798142.967	59.719101	1
1001	549743.4933	9798142.967	59.355701	1
1002	549773.4933	9798142.967	58.193802	1
1003	549803.4933	9798142.967	57.045898	1
1004	549833.4933	9798142.967	56.0061	1
1005	549863.4933	9798142.967	55.251999	1
1006	549893.4933	9798142.967	54.996601	1
1007	549923.4933	9798142.967	54.996201	1
1008	549953.4933	9798142.967	56.155899	1
1009	549983.4933	9798142.967	56.155899	1
1010	550013.4933	9798142.967	56.865501	1
1011	550043.4933	9798142.967	57.067402	1
1012	550073.4933	9798142.967	56.066898	1
1013	550103.4933	9798142.967	54.6269	1
1014	550133.4933	9798142.967	54.592701	1
1015	550163.4933	9798142.967	54.592701	1
1016	550193.4933	9798142.967	54.592701	1
1017	550223.4933	9798142.967	54.592701	1
1018	550253.4933	9798142.967	57.933899	3
1019	550283.4933	9798142.967	62.679298	3
1020	550313.4933	9798142.967	67.620003	3
1021	550343.4933	9798142.967	71.428299	3
1022	550373.4933	9798142.967	74.7677	2
1023	550403.4933	9798142.967	77.213799	1
1024	550433.4933	9798142.967	78.821899	1
1025	550463.4933	9798142.967	79.654503	1
1026	550493.4933	9798142.967	79.673798	1
1027	548903.4933	9798172.967	79.1371	1
1028	548933.4933	9798172.967	79.515999	1
1029	548963.4933	9798172.967	79.995102	1
1030	548993.4933	9798172.967	80.3508	1
1031	549023.4933	9798172.967	80.283501	1
1032	549053.4933	9798172.967	79.593697	1
1033	549083.4933	9798172.967	78.820503	1
1034	549113.4933	9798172.967	78.094002	1
1035	549143.4933	9798172.967	77.563904	1
1036	549173.4933	9798172.967	77.099602	1
1037	549203.4933	9798172.967	76.951202	1
1038	549233.4933	9798172.967	76.172096	1
1039	549263.4933	9798172.967	75.065498	1
1040	549293.4933	9798172.967	73.4963	1
1041	549323.4933	9798172.967	71.753601	2
1042	549353.4933	9798172.967	70.020401	2
1043	549383.4933	9798172.967	68.146103	2
1044	549413.4933	9798172.967	66.391197	2
1045	549443.4933	9798172.967	64.801804	1
1046	549473.4933	9798172.967	63.605701	1
1047	549503.4933	9798172.967	62.445499	1
1048	549533.4933	9798172.967	61.396599	1
1049	549563.4933	9798172.967	60.2962	1
1050	549593.4933	9798172.967	59.367802	1
1051	549623.4933	9798172.967	59.314098	1
1052	549653.4933	9798172.967	59.314098	1
1053	549683.4933	9798172.967	59.314098	1
1054	549713.4933	9798172.967	59.314098	1
1055	549743.4933	9798172.967	59.314098	1
1056	549773.4933	9798172.967	58.938099	1
1057	549803.4933	9798172.967	58.4263	1
1058	549833.4933	9798172.967	58.02	1
1059	549863.4933	9798172.967	57.817001	2
1060	549893.4933	9798172.967	57.679298	2
1061	549923.4933	9798172.967	57.7938	2
1062	549953.4933	9798172.967	58.6096	2
1063	549983.4933	9798172.967	58.6096	2
1064	550013.4933	9798172.967	59.137501	1
1065	550043.4933	9798172.967	58.4874	1
1066	550073.4933	9798172.967	57.056301	1
1067	550103.4933	9798172.967	55.297001	1
1068	550133.4933	9798172.967	54.592701	1
1069	550163.4933	9798172.967	54.592701	1
1070	550193.4933	9798172.967	54.592701	1
1071	550223.4933	9798172.967	54.592701	1
1072	550253.4933	9798172.967	57.958199	3
1073	550283.4933	9798172.967	62.7882	3
1074	550313.4933	9798172.967	67.783302	3
1075	550343.4933	9798172.967	71.885696	3
1076	550373.4933	9798172.967	75.3451	3
1077	550403.4933	9798172.967	78.264702	2
1078	550433.4933	9798172.967	80.355499	1
1079	550463.4933	9798172.967	81.467003	1
1080	550493.4933	9798172.967	81.628502	1
1081	548903.4933	9798202.967	77.909698	1
1082	548933.4933	9798202.967	77.846703	1
1083	548963.4933	9798202.967	78.312897	1
1084	548993.4933	9798202.967	78.695801	1
1085	549023.4933	9798202.967	78.228996	1
1086	549053.4933	9798202.967	77.608902	1
1087	549083.4933	9798202.967	77.058296	1
1088	549113.4933	9798202.967	76.211998	1
1089	549143.4933	9798202.967	74.985397	2
1090	549173.4933	9798202.967	74.319901	2
1091	549203.4933	9798202.967	74.207001	2
1092	549233.4933	9798202.967	73.983398	2
1093	549263.4933	9798202.967	73.451103	2
1094	549293.4933	9798202.967	71.775002	2
1095	549323.4933	9798202.967	69.645203	3
1096	549353.4933	9798202.967	67.266602	3
1097	549383.4933	9798202.967	65.417297	2
1098	549413.4933	9798202.967	64.349998	1
1099	549443.4933	9798202.967	63.113499	1
1100	549473.4933	9798202.967	62.594501	1
1101	549503.4933	9798202.967	61.509998	1
1102	549533.4933	9798202.967	60.586601	1
1103	549563.4933	9798202.967	59.314098	1
1104	549593.4933	9798202.967	59.314098	1
1105	549623.4933	9798202.967	59.314098	1
1106	549653.4933	9798202.967	59.314098	1
1107	549683.4933	9798202.967	59.314098	1
1108	549713.4933	9798202.967	59.314098	1
1109	549743.4933	9798202.967	59.6786	1
1110	549773.4933	9798202.967	60.194099	1
1111	549803.4933	9798202.967	60.583599	1
1112	549833.4933	9798202.967	60.999199	2
1113	549863.4933	9798202.967	60.914398	2
1114	549893.4933	9798202.967	60.9603	2
1115	549923.4933	9798202.967	61.158798	2
1116	549953.4933	9798202.967	61.277802	2
1117	549983.4933	9798202.967	61.277802	2
1118	550013.4933	9798202.967	61.2995	1
1119	550043.4933	9798202.967	59.9058	1
1120	550073.4933	9798202.967	58.130001	1
1121	550103.4933	9798202.967	56.0173	1
1122	550133.4933	9798202.967	54.592701	1
1123	550163.4933	9798202.967	54.592701	1
1124	550193.4933	9798202.967	54.592701	1
1125	550223.4933	9798202.967	54.592701	1
1126	550253.4933	9798202.967	58.027699	3
1127	550283.4933	9798202.967	62.680302	3
1128	550313.4933	9798202.967	67.729698	3
1129	550343.4933	9798202.967	72.097801	3
1130	550373.4933	9798202.967	75.833702	3
1131	550403.4933	9798202.967	79.139099	2
1132	550433.4933	9798202.967	81.450897	1
1133	550463.4933	9798202.967	82.935501	1
1134	550493.4933	9798202.967	83.292603	1
1135	548903.4933	9798232.967	77.460999	1
1136	548933.4933	9798232.967	76.898003	1
1137	548963.4933	9798232.967	76.890297	1
1138	548993.4933	9798232.967	77.016502	1
1139	549023.4933	9798232.967	76.742996	1
1140	549053.4933	9798232.967	76.211098	1
1141	549083.4933	9798232.967	75.373497	1
1142	549113.4933	9798232.967	74.328598	1
1143	549143.4933	9798232.967	72.777603	2
1144	549173.4933	9798232.967	71.345001	2
1145	549203.4933	9798232.967	70.6604	3
1146	549233.4933	9798232.967	70.5439	3
1147	549263.4933	9798232.967	70.3144	3
1148	549293.4933	9798232.967	69.068398	3
1149	549323.4933	9798232.967	66.961601	3
1150	549353.4933	9798232.967	64.718597	3
1151	549383.4933	9798232.967	62.9179	2
1152	549413.4933	9798232.967	62.1992	1
1153	549443.4933	9798232.967	61.8391	1
1154	549473.4933	9798232.967	61.478802	1
1155	549503.4933	9798232.967	60.741901	1
1156	549533.4933	9798232.967	59.982899	1
1157	549563.4933	9798232.967	59.314098	1
1158	549593.4933	9798232.967	59.314098	1
1159	549623.4933	9798232.967	59.314098	1
1160	549653.4933	9798232.967	59.3316	1
1161	549683.4933	9798232.967	59.6436	1
1162	549713.4933	9798232.967	60.121201	1
1163	549743.4933	9798232.967	60.828499	1
1164	549773.4933	9798232.967	61.7938	1
1165	549803.4933	9798232.967	62.749298	1
1166	549833.4933	9798232.967	63.397099	1
1167	549863.4933	9798232.967	63.770302	2
1168	549893.4933	9798232.967	63.9263	2
1169	549923.4933	9798232.967	63.940201	1
1170	549953.4933	9798232.967	63.716202	1
1171	549983.4933	9798232.967	63.716202	1
1172	550013.4933	9798232.967	63.0065	1
1173	550043.4933	9798232.967	61.561401	1
1174	550073.4933	9798232.967	59.494598	2
1175	550103.4933	9798232.967	57.2453	1
1176	550133.4933	9798232.967	55.230202	1
1177	550163.4933	9798232.967	54.592701	1
1178	550193.4933	9798232.967	54.592701	1
1179	550223.4933	9798232.967	54.8424	1
1180	550253.4933	9798232.967	58.359501	3
1181	550283.4933	9798232.967	62.911301	3
1182	550313.4933	9798232.967	67.747902	3
1183	550343.4933	9798232.967	72.018097	3
1184	550373.4933	9798232.967	75.789001	3
1185	550403.4933	9798232.967	79.028603	2
1186	550433.4933	9798232.967	81.568703	1
1187	550463.4933	9798232.967	83.234001	1
1188	550493.4933	9798232.967	83.861603	1
1189	548903.4933	9798262.967	77.325401	1
1190	548933.4933	9798262.967	75.998802	1
1191	548963.4933	9798262.967	75.625801	1
1192	548993.4933	9798262.967	75.452599	1
1193	549023.4933	9798262.967	75.5009	1
1194	549053.4933	9798262.967	74.855698	1
1195	549083.4933	9798262.967	73.757202	1
1196	549113.4933	9798262.967	72.459297	1
1197	549143.4933	9798262.967	70.3881	2
1198	549173.4933	9798262.967	68.7061	2
1199	549203.4933	9798262.967	67.337097	2
1200	549233.4933	9798262.967	67.031998	2
1201	549263.4933	9798262.967	66.896004	2
1202	549293.4933	9798262.967	66.165398	2
1203	549323.4933	9798262.967	64.392502	2
1204	549353.4933	9798262.967	62.396198	1
1205	549383.4933	9798262.967	60.908699	1
1206	549413.4933	9798262.967	60.908699	1
1207	549443.4933	9798262.967	60.908699	1
1208	549473.4933	9798262.967	60.908699	1
1209	549503.4933	9798262.967	60.591499	1
1210	549533.4933	9798262.967	60.262402	1
1211	549563.4933	9798262.967	60.192799	1
1212	549593.4933	9798262.967	60.436798	1
1213	549623.4933	9798262.967	60.637699	1
1214	549653.4933	9798262.967	60.824001	1
1215	549683.4933	9798262.967	61.180698	1
1216	549713.4933	9798262.967	61.7402	1
1217	549743.4933	9798262.967	62.451698	1
1218	549773.4933	9798262.967	63.5509	1
1219	549803.4933	9798262.967	64.610802	1
1220	549833.4933	9798262.967	65.6567	1
1221	549863.4933	9798262.967	66.201897	1
1222	549893.4933	9798262.967	66.370201	1
1223	549923.4933	9798262.967	66.015099	1
1224	549953.4933	9798262.967	65.494499	1
1225	549983.4933	9798262.967	65.494499	1
1226	550013.4933	9798262.967	64.379303	1
1227	550043.4933	9798262.967	62.784901	1
1228	550073.4933	9798262.967	60.527802	1
1229	550103.4933	9798262.967	58.118698	1
1230	550133.4933	9798262.967	55.896801	1
1231	550163.4933	9798262.967	54.592701	1
1232	550193.4933	9798262.967	54.592701	1
1233	550223.4933	9798262.967	55.3741	1
1234	550253.4933	9798262.967	58.799099	3
1235	550283.4933	9798262.967	63.239201	3
1236	550313.4933	9798262.967	67.849098	3
1237	550343.4933	9798262.967	71.928001	3
1238	550373.4933	9798262.967	75.649399	3
1239	550403.4933	9798262.967	78.772102	2
1240	550433.4933	9798262.967	81.3153	1
1241	550463.4933	9798262.967	83.135201	1
1242	550493.4933	9798262.967	83.969803	1
1243	548903.4933	9798292.967	77.094002	1
1244	548933.4933	9798292.967	75.632797	1
1245	548963.4933	9798292.967	74.780296	1
1246	548993.4933	9798292.967	73.732101	1
1247	549023.4933	9798292.967	73.565201	1
1248	549053.4933	9798292.967	73.149597	1
1249	549083.4933	9798292.967	72.389198	1
1250	549113.4933	9798292.967	70.743797	2
1251	549143.4933	9798292.967	68.432602	2
1252	549173.4933	9798292.967	66.327904	2
1253	549203.4933	9798292.967	64.471001	1
1254	549233.4933	9798292.967	64.4356	1
1255	549263.4933	9798292.967	64.210701	1
1256	549293.4933	9798292.967	64.135498	1
1257	549323.4933	9798292.967	62.4263	1
1258	549353.4933	9798292.967	60.908699	1
1259	549383.4933	9798292.967	60.908699	1
1260	549413.4933	9798292.967	60.908699	1
1261	549443.4933	9798292.967	60.908699	1
1262	549473.4933	9798292.967	61.311199	1
1263	549503.4933	9798292.967	61.257099	1
1264	549533.4933	9798292.967	61.347301	1
1265	549563.4933	9798292.967	61.891102	1
1266	549593.4933	9798292.967	62.547901	1
1267	549623.4933	9798292.967	63.173901	2
1268	549653.4933	9798292.967	63.2813	2
1269	549683.4933	9798292.967	63.378799	2
1270	549713.4933	9798292.967	63.6703	1
1271	549743.4933	9798292.967	64.341499	1
1272	549773.4933	9798292.967	65.32	1
1273	549803.4933	9798292.967	66.148003	1
1274	549833.4933	9798292.967	67.209801	1
1275	549863.4933	9798292.967	67.805901	1
1276	549893.4933	9798292.967	67.891701	1
1277	549923.4933	9798292.967	67.4627	1
1278	549953.4933	9798292.967	66.312599	1
1279	549983.4933	9798292.967	66.312599	1
1280	550013.4933	9798292.967	64.900002	1
1281	550043.4933	9798292.967	63.0723	1
1282	550073.4933	9798292.967	60.766899	1
1283	550103.4933	9798292.967	58.4496	1
1284	550133.4933	9798292.967	55.968399	1
1285	550163.4933	9798292.967	54.592701	1
1286	550193.4933	9798292.967	54.592701	1
1287	550223.4933	9798292.967	55.793301	1
1288	550253.4933	9798292.967	59.334999	3
1289	550283.4933	9798292.967	63.807301	3
1290	550313.4933	9798292.967	68.276199	3
1291	550343.4933	9798292.967	72.170998	3
1292	550373.4933	9798292.967	75.524498	3
1293	550403.4933	9798292.967	78.2929	2
1294	550433.4933	9798292.967	81.051903	1
1295	550463.4933	9798292.967	82.940598	1
1296	550493.4933	9798292.967	84.148598	1
1297	548903.4933	9798322.967	76.769897	1
1298	548933.4933	9798322.967	75.124298	1
1299	548963.4933	9798322.967	73.4646	1
1300	548993.4933	9798322.967	72.0382	1
1301	549023.4933	9798322.967	71.315002	1
1302	549053.4933	9798322.967	70.923897	1
1303	549083.4933	9798322.967	70.399399	1
1304	549113.4933	9798322.967	69.150597	1
1305	549143.4933	9798322.967	67.004799	1
1306	549173.4933	9798322.967	64.886902	1
1307	549203.4933	9798322.967	63.4538	1
1308	549233.4933	9798322.967	63.307899	1
1309	549263.4933	9798322.967	63.307899	1
1310	549293.4933	9798322.967	62.9114	1
1311	549323.4933	9798322.967	61.510899	1
1312	549353.4933	9798322.967	60.908699	1
1313	549383.4933	9798322.967	60.908699	1
1314	549413.4933	9798322.967	60.908699	1
1315	549443.4933	9798322.967	61.5242	1
1316	549473.4933	9798322.967	62.574699	1
1317	549503.4933	9798322.967	63.136799	1
1318	549533.4933	9798322.967	63.601799	2
1319	549563.4933	9798322.967	64.299698	2
1320	549593.4933	9798322.967	65.2248	2
1321	549623.4933	9798322.967	66.025803	2
1322	549653.4933	9798322.967	66.3881	2
1323	549683.4933	9798322.967	66.231796	2
1324	549713.4933	9798322.967	66.030098	1
1325	549743.4933	9798322.967	66.2043	1
1326	549773.4933	9798322.967	66.719299	1
1327	549803.4933	9798322.967	67.369698	1
1328	549833.4933	9798322.967	68.023102	1
1329	549863.4933	9798322.967	68.3256	1
1330	549893.4933	9798322.967	68.210503	1
1331	549923.4933	9798322.967	67.530502	1
1332	549953.4933	9798322.967	66.223503	1
1333	549983.4933	9798322.967	66.223503	1
1334	550013.4933	9798322.967	64.411301	1
1335	550043.4933	9798322.967	62.280201	1
1336	550073.4933	9798322.967	59.895	2
1337	550103.4933	9798322.967	57.5839	1
1338	550133.4933	9798322.967	55.4767	1
1339	550163.4933	9798322.967	54.592701	1
1340	550193.4933	9798322.967	54.592701	1
1341	550223.4933	9798322.967	56.065701	2
1342	550253.4933	9798322.967	59.891899	3
1343	550283.4933	9798322.967	64.559402	3
1344	550313.4933	9798322.967	69.075401	3
1345	550343.4933	9798322.967	72.754501	3
1346	550373.4933	9798322.967	75.891701	2
1347	550403.4933	9798322.967	78.683296	2
1348	550433.4933	9798322.967	81.194901	1
1349	550463.4933	9798322.967	83.054802	1
1350	550493.4933	9798322.967	84.1315	1
1351	548903.4933	9798352.967	75.899803	1
1352	548933.4933	9798352.967	74.150597	1
1353	548963.4933	9798352.967	72.295799	1
1354	548993.4933	9798352.967	70.606499	1
1355	549023.4933	9798352.967	69.206398	1
1356	549053.4933	9798352.967	68.803398	1
1357	549083.4933	9798352.967	68.527	1
1358	549113.4933	9798352.967	68.035103	1
1359	549143.4933	9798352.967	66.264603	1
1360	549173.4933	9798352.967	64.437401	1
1361	549203.4933	9798352.967	63.420502	1
1362	549233.4933	9798352.967	63.504299	1
1363	549263.4933	9798352.967	63.741699	1
1364	549293.4933	9798352.967	63.101101	1
1365	549323.4933	9798352.967	61.9487	1
1366	549353.4933	9798352.967	60.925999	1
1367	549383.4933	9798352.967	60.908699	1
1368	549413.4933	9798352.967	61.732498	1
1369	549443.4933	9798352.967	63.199699	1
1370	549473.4933	9798352.967	64.751602	2
1371	549503.4933	9798352.967	65.655701	2
1372	549533.4933	9798352.967	66.405602	2
1373	549563.4933	9798352.967	67.1987	3
1374	549593.4933	9798352.967	68.245399	3
1375	549623.4933	9798352.967	69.080597	3
1376	549653.4933	9798352.967	69.637398	2
1377	549683.4933	9798352.967	69.059303	2
1378	549713.4933	9798352.967	68.3647	1
1379	549743.4933	9798352.967	67.742401	1
1380	549773.4933	9798352.967	67.901199	1
1381	549803.4933	9798352.967	68.250702	1
1382	549833.4933	9798352.967	68.358398	1
1383	549863.4933	9798352.967	68.271103	1
1384	549893.4933	9798352.967	67.843903	1
1385	549923.4933	9798352.967	66.987	1
1386	549953.4933	9798352.967	65.575798	1
1387	549983.4933	9798352.967	65.575798	1
1388	550013.4933	9798352.967	63.667999	1
1389	550043.4933	9798352.967	61.258202	2
1390	550073.4933	9798352.967	58.790298	2
1391	550103.4933	9798352.967	56.535999	1
1392	550133.4933	9798352.967	54.985199	1
1393	550163.4933	9798352.967	54.592701	1
1394	550193.4933	9798352.967	54.592701	1
1395	550223.4933	9798352.967	56.3871	2
1396	550253.4933	9798352.967	60.428299	3
1397	550283.4933	9798352.967	65.2248	3
1398	550313.4933	9798352.967	69.838799	3
1399	550343.4933	9798352.967	73.391403	3
1400	550373.4933	9798352.967	76.319	2
1401	550403.4933	9798352.967	78.902901	1
1402	550433.4933	9798352.967	81.210503	1
1403	550463.4933	9798352.967	82.910599	1
1404	550493.4933	9798352.967	83.654297	1
1405	548903.4933	9798382.967	74.846703	1
1406	548933.4933	9798382.967	73.364799	1
1407	548963.4933	9798382.967	71.135498	1
1408	548993.4933	9798382.967	69.071404	1
1409	549023.4933	9798382.967	67.3069	1
1410	549053.4933	9798382.967	67.124199	1
1411	549083.4933	9798382.967	67.247101	1
1412	549113.4933	9798382.967	67.173897	1
1413	549143.4933	9798382.967	66.4562	1
1414	549173.4933	9798382.967	65.139198	1
1415	549203.4933	9798382.967	64.806801	1
1416	549233.4933	9798382.967	65.040298	1
1417	549263.4933	9798382.967	65.357002	1
1418	549293.4933	9798382.967	64.6045	2
1419	549323.4933	9798382.967	63.832901	2
1420	549353.4933	9798382.967	63.174099	3
1421	549383.4933	9798382.967	63.591202	3
1422	549413.4933	9798382.967	64.189697	3
1423	549443.4933	9798382.967	65.669502	3
1424	549473.4933	9798382.967	67.254601	3
1425	549503.4933	9798382.967	68.555801	3
1426	549533.4933	9798382.967	69.640999	3
1427	549563.4933	9798382.967	70.436302	3
1428	549593.4933	9798382.967	71.351402	3
1429	549623.4933	9798382.967	72.121399	2
1430	549653.4933	9798382.967	72.442101	1
1431	549683.4933	9798382.967	71.594398	1
1432	549713.4933	9798382.967	70.383904	1
1433	549743.4933	9798382.967	69.2826	1
1434	549773.4933	9798382.967	68.830803	1
1435	549803.4933	9798382.967	68.619003	1
1436	549833.4933	9798382.967	68.2658	1
1437	549863.4933	9798382.967	67.956497	1
1438	549893.4933	9798382.967	67.397301	1
1439	549923.4933	9798382.967	66.381897	1
1440	549953.4933	9798382.967	65.027199	1
1441	549983.4933	9798382.967	65.027199	1
1442	550013.4933	9798382.967	62.904598	1
1443	550043.4933	9798382.967	60.406399	1
1444	550073.4933	9798382.967	57.972401	1
1445	550103.4933	9798382.967	55.753201	1
1446	550133.4933	9798382.967	54.592701	1
1447	550163.4933	9798382.967	54.592701	1
1448	550193.4933	9798382.967	54.592701	1
1449	550223.4933	9798382.967	56.6465	3
1450	550253.4933	9798382.967	60.913799	3
1451	550283.4933	9798382.967	65.708	3
1452	550313.4933	9798382.967	70.313904	3
1453	550343.4933	9798382.967	73.802696	3
1454	550373.4933	9798382.967	76.661697	2
1455	550403.4933	9798382.967	79.152199	1
1456	550433.4933	9798382.967	80.935097	1
1457	550463.4933	9798382.967	82.180496	1
1458	550493.4933	9798382.967	82.703003	1
1459	548903.4933	9798412.967	72.911797	1
1460	548933.4933	9798412.967	71.906097	1
1461	548963.4933	9798412.967	69.732803	1
1462	548993.4933	9798412.967	67.771698	1
1463	549023.4933	9798412.967	67.067703	1
1464	549053.4933	9798412.967	67.067703	1
1465	549083.4933	9798412.967	67.067703	1
1466	549113.4933	9798412.967	67.067703	1
1467	549143.4933	9798412.967	66.991402	1
1468	549173.4933	9798412.967	66.927498	1
1469	549203.4933	9798412.967	67.205704	1
1470	549233.4933	9798412.967	67.481697	2
1471	549263.4933	9798412.967	67.899498	3
1472	549293.4933	9798412.967	67.983398	3
1473	549323.4933	9798412.967	67.763901	3
1474	549353.4933	9798412.967	67.655998	3
1475	549383.4933	9798412.967	67.716301	3
1476	549413.4933	9798412.967	68.384697	3
1477	549443.4933	9798412.967	69.199997	3
1478	549473.4933	9798412.967	70.372498	3
1479	549503.4933	9798412.967	71.560799	3
1480	549533.4933	9798412.967	72.699799	2
1481	549563.4933	9798412.967	73.663002	2
1482	549593.4933	9798412.967	74.328697	2
1483	549623.4933	9798412.967	74.625999	1
1484	549653.4933	9798412.967	74.305801	1
1485	549683.4933	9798412.967	73.180702	1
1486	549713.4933	9798412.967	71.711998	1
1487	549743.4933	9798412.967	70.503403	1
1488	549773.4933	9798412.967	69.523201	1
1489	549803.4933	9798412.967	68.939697	1
1490	549833.4933	9798412.967	68.481003	1
1491	549863.4933	9798412.967	67.993896	1
1492	549893.4933	9798412.967	67.353699	1
1493	549923.4933	9798412.967	66.468002	1
1494	549953.4933	9798412.967	64.986397	1
1495	549983.4933	9798412.967	64.986397	1
1496	550013.4933	9798412.967	63.162201	1
1497	550043.4933	9798412.967	60.871201	1
1498	550073.4933	9798412.967	58.401901	1
1499	550103.4933	9798412.967	56.146198	1
1500	550133.4933	9798412.967	54.592701	1
1501	550163.4933	9798412.967	54.592701	1
1502	550193.4933	9798412.967	54.592701	1
1503	550223.4933	9798412.967	56.638802	3
1504	550253.4933	9798412.967	60.941299	3
1505	550283.4933	9798412.967	65.792099	3
1506	550313.4933	9798412.967	70.179703	3
1507	550343.4933	9798412.967	73.600601	2
1508	550373.4933	9798412.967	76.1371	1
1509	550403.4933	9798412.967	78.184402	1
1510	550433.4933	9798412.967	79.571297	1
1511	550463.4933	9798412.967	80.631104	1
1512	550493.4933	9798412.967	81.699799	1
1513	548903.4933	9798442.967	70.976303	1
1514	548933.4933	9798442.967	70.4132	1
1515	548963.4933	9798442.967	68.800499	1
1516	548993.4933	9798442.967	67.165398	1
1517	549023.4933	9798442.967	67.067703	1
1518	549053.4933	9798442.967	67.067703	1
1519	549083.4933	9798442.967	67.1045	1
1520	549113.4933	9798442.967	67.882401	1
1521	549143.4933	9798442.967	68.477203	1
1522	549173.4933	9798442.967	69.099098	1
1523	549203.4933	9798442.967	69.794098	2
1524	549233.4933	9798442.967	70.565498	3
1525	549263.4933	9798442.967	71.298897	3
1526	549293.4933	9798442.967	72.046501	3
1527	549323.4933	9798442.967	72.395401	3
1528	549353.4933	9798442.967	72.4842	3
1529	549383.4933	9798442.967	72.425499	3
1530	549413.4933	9798442.967	72.760597	3
1531	549443.4933	9798442.967	73.252602	3
1532	549473.4933	9798442.967	73.682602	3
1533	549503.4933	9798442.967	74.5093	2
1534	549533.4933	9798442.967	75.394096	2
1535	549563.4933	9798442.967	76.316704	2
1536	549593.4933	9798442.967	76.809601	1
1537	549623.4933	9798442.967	76.690002	1
1538	549653.4933	9798442.967	75.681	1
1539	549683.4933	9798442.967	74.156898	1
1540	549713.4933	9798442.967	72.451797	1
1541	549743.4933	9798442.967	71.0009	1
1542	549773.4933	9798442.967	69.8573	1
1543	549803.4933	9798442.967	68.995399	1
1544	549833.4933	9798442.967	68.330101	1
1545	549863.4933	9798442.967	67.9263	1
1546	549893.4933	9798442.967	67.318199	1
1547	549923.4933	9798442.967	66.467903	1
1548	549953.4933	9798442.967	65.163902	1
1549	549983.4933	9798442.967	65.163902	1
1550	550013.4933	9798442.967	63.4687	1
1551	550043.4933	9798442.967	61.5093	1
1552	550073.4933	9798442.967	59.149899	1
1553	550103.4933	9798442.967	56.8801	1
1554	550133.4933	9798442.967	55.0098	1
1555	550163.4933	9798442.967	54.592701	1
1556	550193.4933	9798442.967	54.592701	1
1557	550223.4933	9798442.967	56.7514	3
1558	550253.4933	9798442.967	60.941502	3
1559	550283.4933	9798442.967	65.759102	3
1560	550313.4933	9798442.967	70.125702	3
1561	550343.4933	9798442.967	73.287399	2
1562	550373.4933	9798442.967	75.580299	1
1563	550403.4933	9798442.967	76.948799	1
1564	550433.4933	9798442.967	78.157799	1
1565	550463.4933	9798442.967	79.215698	1
1566	550493.4933	9798442.967	80.524597	1
1567	548903.4933	9798472.967	69.863503	1
1568	548933.4933	9798472.967	69.710999	1
1569	548963.4933	9798472.967	68.7286	1
1570	548993.4933	9798472.967	67.595001	1
1571	549023.4933	9798472.967	67.274696	1
1572	549053.4933	9798472.967	67.564697	1
1573	549083.4933	9798472.967	68.077797	1
1574	549113.4933	9798472.967	69.243202	1
1575	549143.4933	9798472.967	70.720802	1
1576	549173.4933	9798472.967	71.559898	2
1577	549203.4933	9798472.967	72.796204	3
1578	549233.4933	9798472.967	73.910797	3
1579	549263.4933	9798472.967	74.961403	3
1580	549293.4933	9798472.967	76.112602	3
1581	549323.4933	9798472.967	76.814697	3
1582	549353.4933	9798472.967	77.417801	3
1583	549383.4933	9798472.967	77.331398	3
1584	549413.4933	9798472.967	76.967102	3
1585	549443.4933	9798472.967	76.887299	3
1586	549473.4933	9798472.967	76.582001	2
1587	549503.4933	9798472.967	77.169701	2
1588	549533.4933	9798472.967	77.692398	1
1589	549563.4933	9798472.967	78.641701	1
1590	549593.4933	9798472.967	78.5541	1
1591	549623.4933	9798472.967	77.831497	1
1592	549653.4933	9798472.967	76.3703	1
1593	549683.4933	9798472.967	74.616798	1
1594	549713.4933	9798472.967	72.491997	1
1595	549743.4933	9798472.967	70.826302	1
1596	549773.4933	9798472.967	69.761703	1
1597	549803.4933	9798472.967	68.980003	1
1598	549833.4933	9798472.967	68.348999	1
1599	549863.4933	9798472.967	67.623901	1
1600	549893.4933	9798472.967	66.795601	1
1601	549923.4933	9798472.967	66.015602	1
1602	549953.4933	9798472.967	65.203903	1
1603	549983.4933	9798472.967	65.203903	1
1604	550013.4933	9798472.967	63.797298	1
1605	550043.4933	9798472.967	62.135799	1
1606	550073.4933	9798472.967	59.810902	1
1607	550103.4933	9798472.967	57.568699	1
1608	550133.4933	9798472.967	55.462399	1
1609	550163.4933	9798472.967	54.592701	1
1610	550193.4933	9798472.967	54.592701	1
1611	550223.4933	9798472.967	56.536598	3
1612	550253.4933	9798472.967	60.9473	3
1613	550283.4933	9798472.967	65.848297	3
1614	550313.4933	9798472.967	70.184402	3
1615	550343.4933	9798472.967	73.138	2
1616	550373.4933	9798472.967	75.2435	1
1617	550403.4933	9798472.967	76.188599	1
1618	550433.4933	9798472.967	77.230301	1
1619	550463.4933	9798472.967	78.205803	1
1620	550493.4933	9798472.967	79.634003	1
1621	548903.4933	9798502.967	69.994698	1
1622	548933.4933	9798502.967	70.449799	1
1623	548963.4933	9798502.967	70.145203	1
1624	548993.4933	9798502.967	69.635101	1
1625	549023.4933	9798502.967	69.369598	1
1626	549053.4933	9798502.967	69.455299	1
1627	549083.4933	9798502.967	69.985802	1
1628	549113.4933	9798502.967	71.092903	2
1629	549143.4933	9798502.967	72.679298	2
1630	549173.4933	9798502.967	74.405098	3
1631	549203.4933	9798502.967	75.914902	3
1632	549233.4933	9798502.967	77.081802	3
1633	549263.4933	9798502.967	78.066299	3
1634	549293.4933	9798502.967	79.118797	2
1635	549323.4933	9798502.967	80.128998	2
1636	549353.4933	9798502.967	80.850502	3
1637	549383.4933	9798502.967	80.9813	3
1638	549413.4933	9798502.967	80.432503	2
1639	549443.4933	9798502.967	79.760696	2
1640	549473.4933	9798502.967	79.326103	1
1641	549503.4933	9798502.967	79.458504	1
1642	549533.4933	9798502.967	79.661697	1
1643	549563.4933	9798502.967	79.741302	1
1644	549593.4933	9798502.967	79.140404	1
1645	549623.4933	9798502.967	78.039497	1
1646	549653.4933	9798502.967	76.394203	1
1647	549683.4933	9798502.967	74.328796	1
1648	549713.4933	9798502.967	72.222198	1
1649	549743.4933	9798502.967	70.441002	1
1650	549773.4933	9798502.967	69.2995	1
1651	549803.4933	9798502.967	68.453201	1
1652	549833.4933	9798502.967	67.669899	1
1653	549863.4933	9798502.967	66.756401	1
1654	549893.4933	9798502.967	65.872803	1
1655	549923.4933	9798502.967	65.0746	1
1656	549953.4933	9798502.967	64.497803	1
1657	549983.4933	9798502.967	64.497803	1
1658	550013.4933	9798502.967	63.616001	1
1659	550043.4933	9798502.967	62.0811	1
1660	550073.4933	9798502.967	59.830601	1
1661	550103.4933	9798502.967	57.481998	1
1662	550133.4933	9798502.967	55.422401	1
1663	550163.4933	9798502.967	54.592701	1
1664	550193.4933	9798502.967	54.592701	1
1665	550223.4933	9798502.967	56.518002	3
1666	550253.4933	9798502.967	60.943401	3
1667	550283.4933	9798502.967	66.0131	3
1668	550313.4933	9798502.967	70.434502	3
1669	550343.4933	9798502.967	73.414001	2
1670	550373.4933	9798502.967	75.411598	1
1671	550403.4933	9798502.967	76.581398	1
1672	550433.4933	9798502.967	77.436798	1
1673	550463.4933	9798502.967	78.246803	1
1674	550493.4933	9798502.967	79.491898	1
1675	548903.4933	9798532.967	71.302399	1
1676	548933.4933	9798532.967	72.474403	1
1677	548963.4933	9798532.967	72.607903	2
1678	548993.4933	9798532.967	72.4105	3
1679	549023.4933	9798532.967	72.111397	3
1680	549053.4933	9798532.967	72.095703	2
1681	549083.4933	9798532.967	72.5056	2
1682	549113.4933	9798532.967	73.448303	2
1683	549143.4933	9798532.967	75.260597	3
1684	549173.4933	9798532.967	77.204903	3
1685	549203.4933	9798532.967	78.961403	3
1686	549233.4933	9798532.967	80.116699	3
1687	549263.4933	9798532.967	80.973503	2
1688	549293.4933	9798532.967	81.735703	2
1689	549323.4933	9798532.967	82.702797	1
1690	549353.4933	9798532.967	83.555496	1
1691	549383.4933	9798532.967	83.757202	1
1692	549413.4933	9798532.967	83.049599	1
1693	549443.4933	9798532.967	82.1147	1
1694	549473.4933	9798532.967	81.3825	1
1695	549503.4933	9798532.967	81.226097	1
1696	549533.4933	9798532.967	80.984703	1
1697	549563.4933	9798532.967	80.381699	1
1698	549593.4933	9798532.967	79.185303	1
1699	549623.4933	9798532.967	77.820602	1
1700	549653.4933	9798532.967	76.102303	1
1701	549683.4933	9798532.967	74.0364	1
1702	549713.4933	9798532.967	71.891403	1
1703	549743.4933	9798532.967	70.099602	1
1704	549773.4933	9798532.967	68.951698	1
1705	549803.4933	9798532.967	68.005898	1
1706	549833.4933	9798532.967	66.998398	1
1707	549863.4933	9798532.967	65.915398	1
1708	549893.4933	9798532.967	64.947701	1
1709	549923.4933	9798532.967	64.2118	1
1710	549953.4933	9798532.967	63.84	1
1711	549983.4933	9798532.967	63.84	1
1712	550013.4933	9798532.967	63.184799	1
1713	550043.4933	9798532.967	61.785801	1
1714	550073.4933	9798532.967	59.6259	1
1715	550103.4933	9798532.967	57.245098	1
1716	550133.4933	9798532.967	55.249802	1
1717	550163.4933	9798532.967	54.592701	1
1718	550193.4933	9798532.967	54.592701	1
1719	550223.4933	9798532.967	56.545601	3
1720	550253.4933	9798532.967	61.117599	3
1721	550283.4933	9798532.967	66.237801	3
1722	550313.4933	9798532.967	70.7855	3
1723	550343.4933	9798532.967	73.858398	2
1724	550373.4933	9798532.967	75.854698	1
1725	550403.4933	9798532.967	77.238297	1
1726	550433.4933	9798532.967	78.039703	1
1727	550463.4933	9798532.967	78.594101	1
1728	550493.4933	9798532.967	79.6511	1
1729	548903.4933	9798562.967	73.681198	3
1730	548933.4933	9798562.967	75.139	3
1731	548963.4933	9798562.967	75.662003	3
1732	548993.4933	9798562.967	75.986702	3
1733	549023.4933	9798562.967	75.841301	3
1734	549053.4933	9798562.967	75.439796	3
1735	549083.4933	9798562.967	75.544701	3
1736	549113.4933	9798562.967	75.908401	3
1737	549143.4933	9798562.967	78.2528	3
1738	549173.4933	9798562.967	80.427597	3
1739	549203.4933	9798562.967	82.499702	3
1740	549233.4933	9798562.967	83.154297	2
1741	549263.4933	9798562.967	83.349602	1
1742	549293.4933	9798562.967	83.763802	1
1743	549323.4933	9798562.967	84.627602	1
1744	549353.4933	9798562.967	85.198303	1
1745	549383.4933	9798562.967	85.3591	1
1746	549413.4933	9798562.967	84.986397	1
1747	549443.4933	9798562.967	83.9226	1
1748	549473.4933	9798562.967	83.252197	1
1749	549503.4933	9798562.967	82.663597	1
1750	549533.4933	9798562.967	81.766296	1
1751	549563.4933	9798562.967	80.437302	1
1752	549593.4933	9798562.967	79.074501	1
1753	549623.4933	9798562.967	77.540398	1
1754	549653.4933	9798562.967	75.731903	1
1755	549683.4933	9798562.967	74.0923	1
1756	549713.4933	9798562.967	72.277702	1
1757	549743.4933	9798562.967	70.754799	1
1758	549773.4933	9798562.967	69.283997	1
1759	549803.4933	9798562.967	67.864502	1
1760	549833.4933	9798562.967	66.641899	1
1761	549863.4933	9798562.967	65.487503	1
1762	549893.4933	9798562.967	64.416	1
1763	549923.4933	9798562.967	63.633499	1
1764	549953.4933	9798562.967	63.508701	1
1765	549983.4933	9798562.967	63.508701	1
1766	550013.4933	9798562.967	62.860699	1
1767	550043.4933	9798562.967	61.7645	1
1768	550073.4933	9798562.967	59.5495	1
1769	550103.4933	9798562.967	56.9655	1
1770	550133.4933	9798562.967	55.0159	1
1771	550163.4933	9798562.967	54.592701	1
1772	550193.4933	9798562.967	54.617298	1
1773	550223.4933	9798562.967	56.8946	3
1774	550253.4933	9798562.967	61.300301	3
1775	550283.4933	9798562.967	66.747803	3
1776	550313.4933	9798562.967	71.387901	3
1777	550343.4933	9798562.967	74.251198	2
1778	550373.4933	9798562.967	76.233398	1
1779	550403.4933	9798562.967	77.660797	1
1780	550433.4933	9798562.967	78.600998	1
1781	550463.4933	9798562.967	79.442001	1
1782	550493.4933	9798562.967	80.161003	1
1783	548903.4933	9798592.967	77.109596	-9999
1784	548933.4933	9798592.967	78.613899	-9999
1785	548963.4933	9798592.967	79.553101	-9999
1786	548993.4933	9798592.967	80.007797	-9999
1787	549023.4933	9798592.967	79.812599	-9999
1788	549053.4933	9798592.967	79.121101	-9999
1789	549083.4933	9798592.967	78.735901	-9999
1790	549113.4933	9798592.967	79.2631	-9999
1791	549143.4933	9798592.967	81.465698	-9999
1792	549173.4933	9798592.967	83.893204	-9999
1793	549203.4933	9798592.967	85.607101	-9999
1794	549233.4933	9798592.967	85.869301	-9999
1795	549263.4933	9798592.967	85.635696	-9999
1796	549293.4933	9798592.967	85.661598	-9999
1797	549323.4933	9798592.967	86.012398	-9999
1798	549353.4933	9798592.967	86.310097	-9999
1799	549383.4933	9798592.967	86.310799	-9999
1800	549413.4933	9798592.967	85.816704	-9999
1801	549443.4933	9798592.967	85.043404	-9999
1802	549473.4933	9798592.967	84.093002	-9999
1803	549503.4933	9798592.967	83.021698	-9999
1804	549533.4933	9798592.967	81.845901	-9999
1805	549563.4933	9798592.967	80.538101	-9999
1806	549593.4933	9798592.967	79.163101	-9999
1807	549623.4933	9798592.967	77.719101	-9999
1808	549653.4933	9798592.967	76.170601	-9999
1809	549683.4933	9798592.967	74.8339	-9999
1810	549713.4933	9798592.967	73.465698	-9999
1811	549743.4933	9798592.967	71.966698	-9999
1812	549773.4933	9798592.967	70.304298	-9999
1813	549803.4933	9798592.967	68.665604	-9999
1814	549833.4933	9798592.967	67.194603	-9999
1815	549863.4933	9798592.967	65.801498	-9999
1816	549893.4933	9798592.967	64.6474	-9999
1817	549923.4933	9798592.967	63.850498	-9999
1818	549953.4933	9798592.967	63.563599	-9999
1819	549983.4933	9798592.967	63.563599	-9999
1820	550013.4933	9798592.967	63.009998	-9999
1821	550043.4933	9798592.967	61.682598	-9999
1822	550073.4933	9798592.967	59.222198	-9999
1823	550103.4933	9798592.967	56.663101	-9999
1824	550133.4933	9798592.967	54.754902	-9999
1825	550163.4933	9798592.967	54.592701	-9999
1826	550193.4933	9798592.967	55.053101	-9999
1827	550223.4933	9798592.967	57.619499	-9999
1828	550253.4933	9798592.967	62.1763	-9999
1829	550283.4933	9798592.967	67.243202	-9999
1830	550313.4933	9798592.967	71.702599	-9999
1831	550343.4933	9798592.967	74.571404	-9999
1832	550373.4933	9798592.967	76.478203	-9999
1833	550403.4933	9798592.967	77.778999	-9999
1834	550433.4933	9798592.967	78.777603	-9999
1835	550463.4933	9798592.967	79.625	-9999
1836	550493.4933	9798592.967	80.496803	-9999
