id	x	y	z
1	548903.4933	9797602.967	93.601799
2	548933.4933	9797602.967	91.949898
3	548963.4933	9797602.967	90.694702
4	548993.4933	9797602.967	89.695099
5	549023.4933	9797602.967	89.091499
6	549053.4933	9797602.967	88.603897
7	549083.4933	9797602.967	88.241501
8	549113.4933	9797602.967	87.609001
9	549143.4933	9797602.967	86.616798
10	549173.4933	9797602.967	85.603897
11	549203.4933	9797602.967	84.925003
12	549233.4933	9797602.967	84.667198
13	549263.4933	9797602.967	84.517197
14	549293.4933	9797602.967	84.452103
15	549323.4933	9797602.967	84.024002
16	549353.4933	9797602.967	83.663803
17	549383.4933	9797602.967	82.894997
18	549413.4933	9797602.967	81.741798
19	549443.4933	9797602.967	80.406097
20	549473.4933	9797602.967	79.424698
21	549503.4933	9797602.967	78.876099
22	549533.4933	9797602.967	78.482903
23	549563.4933	9797602.967	77.879799
24	549593.4933	9797602.967	77.252197
25	549623.4933	9797602.967	76.5578
26	549653.4933	9797602.967	75.8283
27	549683.4933	9797602.967	75.016998
28	549713.4933	9797602.967	73.9189
29	549743.4933	9797602.967	72.772499
30	549773.4933	9797602.967	71.510002
31	549803.4933	9797602.967	70.497902
32	549833.4933	9797602.967	69.774902
33	549863.4933	9797602.967	69.525803
34	549893.4933	9797602.967	68.766296
35	549923.4933	9797602.967	66.985497
36	549953.4933	9797602.967	63.123699
37	549983.4933	9797602.967	63.123699
38	550013.4933	9797602.967	58.9865
39	550043.4933	9797602.967	55.7211
40	550073.4933	9797602.967	54.592701
41	550103.4933	9797602.967	54.592701
42	550133.4933	9797602.967	54.592701
43	550163.4933	9797602.967	54.592701
44	550193.4933	9797602.967	54.592701
45	550223.4933	9797602.967	55.4865
46	550253.4933	9797602.967	57.016602
47	550283.4933	9797602.967	58.305199
48	550313.4933	9797602.967	59.131901
49	550343.4933	9797602.967	58.9972
50	550373.4933	9797602.967	58.410702
51	550403.4933	9797602.967	57.504601
52	550433.4933	9797602.967	56.766201
53	550463.4933	9797602.967	56.0163
54	550493.4933	9797602.967	55.320599
55	548903.4933	9797632.967	94.5718
56	548933.4933	9797632.967	92.620499
57	548963.4933	9797632.967	91.175598
58	548993.4933	9797632.967	90.103996
59	549023.4933	9797632.967	89.423103
60	549053.4933	9797632.967	89.078102
61	549083.4933	9797632.967	88.730103
62	549113.4933	9797632.967	88.310303
63	549143.4933	9797632.967	87.491096
64	549173.4933	9797632.967	86.666298
65	549203.4933	9797632.967	85.887802
66	549233.4933	9797632.967	85.754204
67	549263.4933	9797632.967	85.8834
68	549293.4933	9797632.967	86.295898
69	549323.4933	9797632.967	86.486397
70	549353.4933	9797632.967	86.095398
71	549383.4933	9797632.967	85.048698
72	549413.4933	9797632.967	83.642502
73	549443.4933	9797632.967	82.139999
74	549473.4933	9797632.967	80.769897
75	549503.4933	9797632.967	80.042099
76	549533.4933	9797632.967	79.590599
77	549563.4933	9797632.967	79.391701
78	549593.4933	9797632.967	78.783096
79	549623.4933	9797632.967	77.8741
80	549653.4933	9797632.967	76.352699
81	549683.4933	9797632.967	75.189697
82	549713.4933	9797632.967	74.055702
83	549743.4933	9797632.967	73.040802
84	549773.4933	9797632.967	71.824203
85	549803.4933	9797632.967	70.781799
86	549833.4933	9797632.967	70.427399
87	549863.4933	9797632.967	70.316498
88	549893.4933	9797632.967	69.4757
89	549923.4933	9797632.967	66.9589
90	549953.4933	9797632.967	62.7589
91	549983.4933	9797632.967	62.7589
92	550013.4933	9797632.967	58.327
93	550043.4933	9797632.967	54.8097
94	550073.4933	9797632.967	54.592701
95	550103.4933	9797632.967	54.592701
96	550133.4933	9797632.967	54.592701
97	550163.4933	9797632.967	54.592701
98	550193.4933	9797632.967	55.384602
99	550223.4933	9797632.967	56.949001
100	550253.4933	9797632.967	58.900299
101	550283.4933	9797632.967	60.563499
102	550313.4933	9797632.967	61.368801
103	550343.4933	9797632.967	61.251099
104	550373.4933	9797632.967	60.5732
105	550403.4933	9797632.967	59.790401
106	550433.4933	9797632.967	58.9352
107	550463.4933	9797632.967	58.030701
108	550493.4933	9797632.967	57.087299
109	548903.4933	9797662.967	95.721901
110	548933.4933	9797662.967	93.645699
111	548963.4933	9797662.967	91.959999
112	548993.4933	9797662.967	90.544701
113	549023.4933	9797662.967	90.001602
114	549053.4933	9797662.967	89.5224
115	549083.4933	9797662.967	89.072197
116	549113.4933	9797662.967	88.7164
117	549143.4933	9797662.967	88.289398
118	549173.4933	9797662.967	87.728302
119	549203.4933	9797662.967	86.876801
120	549233.4933	9797662.967	86.842697
121	549263.4933	9797662.967	87.035599
122	549293.4933	9797662.967	88.063904
123	549323.4933	9797662.967	88.424797
124	549353.4933	9797662.967	88.388802
125	549383.4933	9797662.967	87.2621
126	549413.4933	9797662.967	85.178101
127	549443.4933	9797662.967	83.112099
128	549473.4933	9797662.967	81.192398
129	549503.4933	9797662.967	80.7453
130	549533.4933	9797662.967	80.525101
131	549563.4933	9797662.967	80.7939
132	549593.4933	9797662.967	79.753601
133	549623.4933	9797662.967	78.278
134	549653.4933	9797662.967	76.377197
135	549683.4933	9797662.967	75.167297
136	549713.4933	9797662.967	73.949997
137	549743.4933	9797662.967	73.033699
138	549773.4933	9797662.967	71.942299
139	549803.4933	9797662.967	71.018303
140	549833.4933	9797662.967	70.929497
141	549863.4933	9797662.967	70.7724
142	549893.4933	9797662.967	69.846199
143	549923.4933	9797662.967	67.094398
144	549953.4933	9797662.967	62.7742
145	549983.4933	9797662.967	62.7742
146	550013.4933	9797662.967	57.9347
147	550043.4933	9797662.967	54.592701
148	550073.4933	9797662.967	54.592701
149	550103.4933	9797662.967	54.592701
150	550133.4933	9797662.967	54.592701
151	550163.4933	9797662.967	54.666199
152	550193.4933	9797662.967	56.478401
153	550223.4933	9797662.967	58.410702
154	550253.4933	9797662.967	60.706699
155	550283.4933	9797662.967	62.565601
156	550313.4933	9797662.967	63.5215
157	550343.4933	9797662.967	63.4091
158	550373.4933	9797662.967	62.659302
159	550403.4933	9797662.967	61.981899
160	550433.4933	9797662.967	61.017502
161	550463.4933	9797662.967	59.928699
162	550493.4933	9797662.967	58.794998
163	548903.4933	9797692.967	96.876297
164	548933.4933	9797692.967	94.927498
165	548963.4933	9797692.967	93.092499
166	548993.4933	9797692.967	91.524803
167	549023.4933	9797692.967	90.523499
168	549053.4933	9797692.967	89.7948
169	549083.4933	9797692.967	89.299004
170	549113.4933	9797692.967	88.919098
171	549143.4933	9797692.967	88.5849
172	549173.4933	9797692.967	88.330399
173	549203.4933	9797692.967	88.023499
174	549233.4933	9797692.967	88.027397
175	549263.4933	9797692.967	88.216797
176	549293.4933	9797692.967	88.812698
177	549323.4933	9797692.967	89.299202
178	549353.4933	9797692.967	89.270599
179	549383.4933	9797692.967	88.259499
180	549413.4933	9797692.967	85.849602
181	549443.4933	9797692.967	83.280403
182	549473.4933	9797692.967	81.427902
183	549503.4933	9797692.967	80.984802
184	549533.4933	9797692.967	80.943802
185	549563.4933	9797692.967	80.6726
186	549593.4933	9797692.967	79.480301
187	549623.4933	9797692.967	77.9776
188	549653.4933	9797692.967	76.294701
189	549683.4933	9797692.967	75.115501
190	549713.4933	9797692.967	74.0513
191	549743.4933	9797692.967	73.023903
192	549773.4933	9797692.967	71.963402
193	549803.4933	9797692.967	71.067802
194	549833.4933	9797692.967	70.7118
195	549863.4933	9797692.967	70.500298
196	549893.4933	9797692.967	69.621498
197	549923.4933	9797692.967	67.220901
198	549953.4933	9797692.967	63.0033
199	549983.4933	9797692.967	63.0033
200	550013.4933	9797692.967	58.487598
201	550043.4933	9797692.967	54.844501
202	550073.4933	9797692.967	54.592701
203	550103.4933	9797692.967	54.592701
204	550133.4933	9797692.967	54.592701
205	550163.4933	9797692.967	54.6614
206	550193.4933	9797692.967	56.747898
207	550223.4933	9797692.967	59.172199
208	550253.4933	9797692.967	61.756901
209	550283.4933	9797692.967	63.9011
210	550313.4933	9797692.967	65.083801
211	550343.4933	9797692.967	65.036301
212	550373.4933	9797692.967	64.274101
213	550403.4933	9797692.967	63.3568
214	550433.4933	9797692.967	62.398102
215	550463.4933	9797692.967	61.397202
216	550493.4933	9797692.967	60.309101
217	548903.4933	9797722.967	97.7183
218	548933.4933	9797722.967	95.966599
219	548963.4933	9797722.967	94.113701
220	548993.4933	9797722.967	92.461601
221	549023.4933	9797722.967	91.0364
222	549053.4933	9797722.967	90.023804
223	549083.4933	9797722.967	89.403
224	549113.4933	9797722.967	89.014503
225	549143.4933	9797722.967	88.805397
226	549173.4933	9797722.967	88.623398
227	549203.4933	9797722.967	88.723602
228	549233.4933	9797722.967	88.8284
229	549263.4933	9797722.967	88.887901
230	549293.4933	9797722.967	89.141899
231	549323.4933	9797722.967	89.409798
232	549353.4933	9797722.967	89.4291
233	549383.4933	9797722.967	88.495499
234	549413.4933	9797722.967	85.910698
235	549443.4933	9797722.967	83.181602
236	549473.4933	9797722.967	81.284698
237	549503.4933	9797722.967	80.916496
238	549533.4933	9797722.967	80.849602
239	549563.4933	9797722.967	80.257401
240	549593.4933	9797722.967	78.824501
241	549623.4933	9797722.967	77.422897
242	549653.4933	9797722.967	76.048897
243	549683.4933	9797722.967	75.147598
244	549713.4933	9797722.967	74.123596
245	549743.4933	9797722.967	73.053497
246	549773.4933	9797722.967	71.9814
247	549803.4933	9797722.967	71.021301
248	549833.4933	9797722.967	70.329002
249	549863.4933	9797722.967	70.027802
250	549893.4933	9797722.967	69.450302
251	549923.4933	9797722.967	67.548698
252	549953.4933	9797722.967	63.6656
253	549983.4933	9797722.967	63.6656
254	550013.4933	9797722.967	59.3633
255	550043.4933	9797722.967	55.632099
256	550073.4933	9797722.967	54.592701
257	550103.4933	9797722.967	54.592701
258	550133.4933	9797722.967	54.592701
259	550163.4933	9797722.967	54.592701
260	550193.4933	9797722.967	56.7491
261	550223.4933	9797722.967	59.618198
262	550253.4933	9797722.967	62.5028
263	550283.4933	9797722.967	64.908798
264	550313.4933	9797722.967	66.346001
265	550343.4933	9797722.967	66.426102
266	550373.4933	9797722.967	65.737
267	550403.4933	9797722.967	64.574799
268	550433.4933	9797722.967	63.645401
269	550463.4933	9797722.967	62.779499
270	550493.4933	9797722.967	61.831001
271	548903.4933	9797752.967	97.954002
272	548933.4933	9797752.967	96.339401
273	548963.4933	9797752.967	94.679901
274	548993.4933	9797752.967	93.1576
275	549023.4933	9797752.967	91.3647
276	549053.4933	9797752.967	90.306602
277	549083.4933	9797752.967	89.536301
278	549113.4933	9797752.967	89.073601
279	549143.4933	9797752.967	88.894096
280	549173.4933	9797752.967	88.713097
281	549203.4933	9797752.967	89.239601
282	549233.4933	9797752.967	89.024498
283	549263.4933	9797752.967	88.806396
284	549293.4933	9797752.967	88.525398
285	549323.4933	9797752.967	88.852798
286	549353.4933	9797752.967	88.887199
287	549383.4933	9797752.967	87.805
288	549413.4933	9797752.967	85.689102
289	549443.4933	9797752.967	83.065903
290	549473.4933	9797752.967	81.561699
291	549503.4933	9797752.967	81.009804
292	549533.4933	9797752.967	80.5112
293	549563.4933	9797752.967	79.370697
294	549593.4933	9797752.967	78.262901
295	549623.4933	9797752.967	76.972099
296	549653.4933	9797752.967	76.1166
297	549683.4933	9797752.967	75.438698
298	549713.4933	9797752.967	74.5625
299	549743.4933	9797752.967	73.809097
300	549773.4933	9797752.967	72.215797
301	549803.4933	9797752.967	70.715698
302	549833.4933	9797752.967	69.547302
303	549863.4933	9797752.967	69.588699
304	549893.4933	9797752.967	69.301102
305	549923.4933	9797752.967	67.586098
306	549953.4933	9797752.967	64.926399
307	549983.4933	9797752.967	64.926399
308	550013.4933	9797752.967	60.7584
309	550043.4933	9797752.967	57.784599
310	550073.4933	9797752.967	55.336498
311	550103.4933	9797752.967	54.592701
312	550133.4933	9797752.967	54.592701
313	550163.4933	9797752.967	54.592701
314	550193.4933	9797752.967	56.712898
315	550223.4933	9797752.967	59.786098
316	550253.4933	9797752.967	63.039902
317	550283.4933	9797752.967	65.894302
318	550313.4933	9797752.967	67.616898
319	550343.4933	9797752.967	67.7938
320	550373.4933	9797752.967	67.189598
321	550403.4933	9797752.967	65.981499
322	550433.4933	9797752.967	65.134697
323	550463.4933	9797752.967	64.098503
324	550493.4933	9797752.967	63.507801
325	548903.4933	9797782.967	97.1931
326	548933.4933	9797782.967	95.819702
327	548963.4933	9797782.967	94.407501
328	548993.4933	9797782.967	93.043602
329	549023.4933	9797782.967	91.705597
330	549053.4933	9797782.967	90.689796
331	549083.4933	9797782.967	89.897202
332	549113.4933	9797782.967	89.329597
333	549143.4933	9797782.967	89.018898
334	549173.4933	9797782.967	88.783699
335	549203.4933	9797782.967	88.610901
336	549233.4933	9797782.967	88.0886
337	549263.4933	9797782.967	87.634903
338	549293.4933	9797782.967	87.485901
339	549323.4933	9797782.967	87.732803
340	549353.4933	9797782.967	87.725998
341	549383.4933	9797782.967	86.933601
342	549413.4933	9797782.967	85.141197
343	549443.4933	9797782.967	83.136002
344	549473.4933	9797782.967	81.540901
345	549503.4933	9797782.967	80.676804
346	549533.4933	9797782.967	80.082199
347	549563.4933	9797782.967	79.317802
348	549593.4933	9797782.967	78.382698
349	549623.4933	9797782.967	77.427803
350	549653.4933	9797782.967	76.581902
351	549683.4933	9797782.967	76.027199
352	549713.4933	9797782.967	75.358803
353	549743.4933	9797782.967	74.313698
354	549773.4933	9797782.967	72.506699
355	549803.4933	9797782.967	70.719299
356	549833.4933	9797782.967	69.672699
357	549863.4933	9797782.967	69.4487
358	549893.4933	9797782.967	69.1073
359	549923.4933	9797782.967	67.942703
360	549953.4933	9797782.967	65.6297
361	549983.4933	9797782.967	65.6297
362	550013.4933	9797782.967	62.719299
363	550043.4933	9797782.967	59.529202
364	550073.4933	9797782.967	56.3396
365	550103.4933	9797782.967	54.592701
366	550133.4933	9797782.967	54.592701
367	550163.4933	9797782.967	54.592701
368	550193.4933	9797782.967	56.783298
369	550223.4933	9797782.967	59.933899
370	550253.4933	9797782.967	63.525002
371	550283.4933	9797782.967	66.742599
372	550313.4933	9797782.967	68.781601
373	550343.4933	9797782.967	69.296303
374	550373.4933	9797782.967	68.890297
375	550403.4933	9797782.967	68.048401
376	550433.4933	9797782.967	67.202904
377	550463.4933	9797782.967	66.265602
378	550493.4933	9797782.967	65.388802
379	548903.4933	9797812.967	95.982201
380	548933.4933	9797812.967	94.967697
381	548963.4933	9797812.967	93.812202
382	548993.4933	9797812.967	92.692299
383	549023.4933	9797812.967	91.887604
384	549053.4933	9797812.967	91.018303
385	549083.4933	9797812.967	90.227501
386	549113.4933	9797812.967	89.628998
387	549143.4933	9797812.967	89.0224
388	549173.4933	9797812.967	88.482002
389	549203.4933	9797812.967	87.565399
390	549233.4933	9797812.967	86.752502
391	549263.4933	9797812.967	86.139503
392	549293.4933	9797812.967	86.045898
393	549323.4933	9797812.967	86.232201
394	549353.4933	9797812.967	86.278999
395	549383.4933	9797812.967	85.879799
396	549413.4933	9797812.967	84.488297
397	549443.4933	9797812.967	82.785004
398	549473.4933	9797812.967	81.257797
399	549503.4933	9797812.967	80.389198
400	549533.4933	9797812.967	79.776497
401	549563.4933	9797812.967	79.2771
402	549593.4933	9797812.967	78.446198
403	549623.4933	9797812.967	77.603104
404	549653.4933	9797812.967	76.978401
405	549683.4933	9797812.967	76.481003
406	549713.4933	9797812.967	75.871101
407	549743.4933	9797812.967	74.563301
408	549773.4933	9797812.967	72.718102
409	549803.4933	9797812.967	70.886299
410	549833.4933	9797812.967	69.6651
411	549863.4933	9797812.967	69.297203
412	549893.4933	9797812.967	68.964798
413	549923.4933	9797812.967	68.2612
414	549953.4933	9797812.967	66.476997
415	549983.4933	9797812.967	66.476997
416	550013.4933	9797812.967	63.948601
417	550043.4933	9797812.967	60.8027
418	550073.4933	9797812.967	57.515999
419	550103.4933	9797812.967	54.8918
420	550133.4933	9797812.967	54.592701
421	550163.4933	9797812.967	54.592701
422	550193.4933	9797812.967	56.651001
423	550223.4933	9797812.967	59.995098
424	550253.4933	9797812.967	63.7071
425	550283.4933	9797812.967	67.138199
426	550313.4933	9797812.967	69.590302
427	550343.4933	9797812.967	70.403297
428	550373.4933	9797812.967	70.275299
429	550403.4933	9797812.967	69.781197
430	550433.4933	9797812.967	69.123497
431	550463.4933	9797812.967	68.247002
432	550493.4933	9797812.967	67.056503
433	548903.4933	9797842.967	94.515099
434	548933.4933	9797842.967	93.851097
435	548963.4933	9797842.967	93.069603
436	548993.4933	9797842.967	92.215599
437	549023.4933	9797842.967	91.585403
438	549053.4933	9797842.967	91.1717
439	549083.4933	9797842.967	90.879097
440	549113.4933	9797842.967	90.219299
441	549143.4933	9797842.967	88.933098
442	549173.4933	9797842.967	87.534302
443	549203.4933	9797842.967	86.149696
444	549233.4933	9797842.967	85.228203
445	549263.4933	9797842.967	84.512802
446	549293.4933	9797842.967	84.312897
447	549323.4933	9797842.967	84.549698
448	549353.4933	9797842.967	84.727097
449	549383.4933	9797842.967	84.547501
450	549413.4933	9797842.967	83.674896
451	549443.4933	9797842.967	82.233498
452	549473.4933	9797842.967	80.831596
453	549503.4933	9797842.967	79.888702
454	549533.4933	9797842.967	79.184097
455	549563.4933	9797842.967	78.788399
456	549593.4933	9797842.967	78.106598
457	549623.4933	9797842.967	77.431297
458	549653.4933	9797842.967	76.957497
459	549683.4933	9797842.967	76.370796
460	549713.4933	9797842.967	75.677299
461	549743.4933	9797842.967	74.105103
462	549773.4933	9797842.967	72.603897
463	549803.4933	9797842.967	71.150703
464	549833.4933	9797842.967	70.010902
465	549863.4933	9797842.967	69.080101
466	549893.4933	9797842.967	68.186798
467	549923.4933	9797842.967	67.692001
468	549953.4933	9797842.967	66.783401
469	549983.4933	9797842.967	66.783401
470	550013.4933	9797842.967	64.844498
471	550043.4933	9797842.967	61.893902
472	550073.4933	9797842.967	58.333801
473	550103.4933	9797842.967	55.360699
474	550133.4933	9797842.967	54.592701
475	550163.4933	9797842.967	54.592701
476	550193.4933	9797842.967	56.4604
477	550223.4933	9797842.967	59.727402
478	550253.4933	9797842.967	63.4389
479	550283.4933	9797842.967	66.942497
480	550313.4933	9797842.967	69.7444
481	550343.4933	9797842.967	70.8302
482	550373.4933	9797842.967	70.971397
483	550403.4933	9797842.967	70.7976
484	550433.4933	9797842.967	70.539597
485	550463.4933	9797842.967	70.039001
486	550493.4933	9797842.967	68.7202
487	548903.4933	9797872.967	93.532997
488	548933.4933	9797872.967	93.110802
489	548963.4933	9797872.967	92.616699
490	548993.4933	9797872.967	92.081398
491	549023.4933	9797872.967	91.610001
492	549053.4933	9797872.967	91.286499
493	549083.4933	9797872.967	90.813499
494	549113.4933	9797872.967	90.010498
495	549143.4933	9797872.967	88.539101
496	549173.4933	9797872.967	86.877701
497	549203.4933	9797872.967	85.255402
498	549233.4933	9797872.967	84.035202
499	549263.4933	9797872.967	83.129898
500	549293.4933	9797872.967	82.741798
501	549323.4933	9797872.967	82.945297
502	549353.4933	9797872.967	83.142601
503	549383.4933	9797872.967	83.0084
504	549413.4933	9797872.967	82.201797
505	549443.4933	9797872.967	81.108002
506	549473.4933	9797872.967	79.935997
507	549503.4933	9797872.967	78.991402
508	549533.4933	9797872.967	78.160896
509	549563.4933	9797872.967	77.338799
510	549593.4933	9797872.967	76.738197
511	549623.4933	9797872.967	76.050201
512	549653.4933	9797872.967	75.5979
513	549683.4933	9797872.967	75.0354
514	549713.4933	9797872.967	74.441498
515	549743.4933	9797872.967	73.547302
516	549773.4933	9797872.967	72.231796
517	549803.4933	9797872.967	70.944901
518	549833.4933	9797872.967	69.627098
519	549863.4933	9797872.967	68.420303
520	549893.4933	9797872.967	67.2314
521	549923.4933	9797872.967	66.239799
522	549953.4933	9797872.967	65.437698
523	549983.4933	9797872.967	65.437698
524	550013.4933	9797872.967	64.104698
525	550043.4933	9797872.967	61.7206
526	550073.4933	9797872.967	58.5242
527	550103.4933	9797872.967	55.636002
528	550133.4933	9797872.967	54.592701
529	550163.4933	9797872.967	54.592701
530	550193.4933	9797872.967	55.997501
531	550223.4933	9797872.967	58.760502
532	550253.4933	9797872.967	62.369301
533	550283.4933	9797872.967	65.7957
534	550313.4933	9797872.967	68.3899
535	550343.4933	9797872.967	69.969902
536	550373.4933	9797872.967	70.581703
537	550403.4933	9797872.967	70.834198
538	550433.4933	9797872.967	70.806396
539	550463.4933	9797872.967	70.452904
540	550493.4933	9797872.967	69.7659
541	548903.4933	9797902.967	92.595901
542	548933.4933	9797902.967	92.432198
543	548963.4933	9797902.967	92.158699
544	548993.4933	9797902.967	91.787399
545	549023.4933	9797902.967	91.413002
546	549053.4933	9797902.967	91.065598
547	549083.4933	9797902.967	90.4412
548	549113.4933	9797902.967	89.352501
549	549143.4933	9797902.967	87.837303
550	549173.4933	9797902.967	86.164001
551	549203.4933	9797902.967	84.497597
552	549233.4933	9797902.967	83.039101
553	549263.4933	9797902.967	81.925201
554	549293.4933	9797902.967	81.430702
555	549323.4933	9797902.967	81.484398
556	549353.4933	9797902.967	81.659599
557	549383.4933	9797902.967	81.516098
558	549413.4933	9797902.967	80.720703
559	549443.4933	9797902.967	79.688103
560	549473.4933	9797902.967	78.732697
561	549503.4933	9797902.967	77.829498
562	549533.4933	9797902.967	76.944
563	549563.4933	9797902.967	75.940002
564	549593.4933	9797902.967	75.016296
565	549623.4933	9797902.967	74.2808
566	549653.4933	9797902.967	73.608597
567	549683.4933	9797902.967	73.189003
568	549713.4933	9797902.967	72.776604
569	549743.4933	9797902.967	72.488098
570	549773.4933	9797902.967	71.486801
571	549803.4933	9797902.967	70.217598
572	549833.4933	9797902.967	68.892502
573	549863.4933	9797902.967	67.414902
574	549893.4933	9797902.967	66.084
575	549923.4933	9797902.967	64.582802
576	549953.4933	9797902.967	63.6693
577	549983.4933	9797902.967	63.6693
578	550013.4933	9797902.967	62.526199
579	550043.4933	9797902.967	60.953602
580	550073.4933	9797902.967	58.069
581	550103.4933	9797902.967	55.350399
582	550133.4933	9797902.967	54.592701
583	550163.4933	9797902.967	54.592701
584	550193.4933	9797902.967	55.383801
585	550223.4933	9797902.967	57.646198
586	550253.4933	9797902.967	60.918201
587	550283.4933	9797902.967	64.320297
588	550313.4933	9797902.967	67.006401
589	550343.4933	9797902.967	68.783401
590	550373.4933	9797902.967	69.864601
591	550403.4933	9797902.967	70.395599
592	550433.4933	9797902.967	70.881104
593	550463.4933	9797902.967	70.753403
594	550493.4933	9797902.967	70.283798
595	548903.4933	9797932.967	91.724602
596	548933.4933	9797932.967	91.823502
597	548963.4933	9797932.967	91.623901
598	548993.4933	9797932.967	91.160797
599	549023.4933	9797932.967	91.111603
600	549053.4933	9797932.967	90.369003
601	549083.4933	9797932.967	89.145401
602	549113.4933	9797932.967	87.910797
603	549143.4933	9797932.967	86.9711
604	549173.4933	9797932.967	85.499001
605	549203.4933	9797932.967	83.865501
606	549233.4933	9797932.967	82.306999
607	549263.4933	9797932.967	81.102699
608	549293.4933	9797932.967	80.4944
609	549323.4933	9797932.967	80.298302
610	549353.4933	9797932.967	80.164703
611	549383.4933	9797932.967	79.941498
612	549413.4933	9797932.967	79.155701
613	549443.4933	9797932.967	78.248299
614	549473.4933	9797932.967	77.369301
615	549503.4933	9797932.967	76.458801
616	549533.4933	9797932.967	75.6045
617	549563.4933	9797932.967	74.375198
618	549593.4933	9797932.967	73.305901
619	549623.4933	9797932.967	72.2817
620	549653.4933	9797932.967	71.514198
621	549683.4933	9797932.967	71.323997
622	549713.4933	9797932.967	70.997803
623	549743.4933	9797932.967	71.120598
624	549773.4933	9797932.967	70.333504
625	549803.4933	9797932.967	69.273102
626	549833.4933	9797932.967	67.603104
627	549863.4933	9797932.967	66.1194
628	549893.4933	9797932.967	64.734802
629	549923.4933	9797932.967	63.07
630	549953.4933	9797932.967	61.5107
631	549983.4933	9797932.967	61.5107
632	550013.4933	9797932.967	60.123798
633	550043.4933	9797932.967	58.800598
634	550073.4933	9797932.967	56.814602
635	550103.4933	9797932.967	54.830399
636	550133.4933	9797932.967	54.592701
637	550163.4933	9797932.967	54.592701
638	550193.4933	9797932.967	54.592701
639	550223.4933	9797932.967	56.398701
640	550253.4933	9797932.967	59.273998
641	550283.4933	9797932.967	62.650501
642	550313.4933	9797932.967	65.218201
643	550343.4933	9797932.967	67.746597
644	550373.4933	9797932.967	69.590897
645	550403.4933	9797932.967	70.846199
646	550433.4933	9797932.967	71.340401
647	550463.4933	9797932.967	71.240601
648	550493.4933	9797932.967	71.016296
649	548903.4933	9797962.967	90.802399
650	548933.4933	9797962.967	91.0466
651	548963.4933	9797962.967	90.891296
652	548993.4933	9797962.967	90.406197
653	549023.4933	9797962.967	89.797798
654	549053.4933	9797962.967	88.690697
655	549083.4933	9797962.967	87.4468
656	549113.4933	9797962.967	86.197403
657	549143.4933	9797962.967	85.350601
658	549173.4933	9797962.967	84.482399
659	549203.4933	9797962.967	83.246902
660	549233.4933	9797962.967	81.892998
661	549263.4933	9797962.967	80.649803
662	549293.4933	9797962.967	79.849503
663	549323.4933	9797962.967	79.3965
664	549353.4933	9797962.967	79.041901
665	549383.4933	9797962.967	78.582199
666	549413.4933	9797962.967	77.7556
667	549443.4933	9797962.967	76.791397
668	549473.4933	9797962.967	75.833099
669	549503.4933	9797962.967	74.988899
670	549533.4933	9797962.967	74.140404
671	549563.4933	9797962.967	73.0952
672	549593.4933	9797962.967	71.985199
673	549623.4933	9797962.967	70.990997
674	549653.4933	9797962.967	70.250198
675	549683.4933	9797962.967	69.995903
676	549713.4933	9797962.967	69.807999
677	549743.4933	9797962.967	69.545197
678	549773.4933	9797962.967	68.793198
679	549803.4933	9797962.967	67.724899
680	549833.4933	9797962.967	66.271103
681	549863.4933	9797962.967	64.706703
682	549893.4933	9797962.967	63.068001
683	549923.4933	9797962.967	61.466301
684	549953.4933	9797962.967	59.854401
685	549983.4933	9797962.967	59.854401
686	550013.4933	9797962.967	58.2211
687	550043.4933	9797962.967	56.6922
688	550073.4933	9797962.967	55.007
689	550103.4933	9797962.967	54.592701
690	550133.4933	9797962.967	54.592701
691	550163.4933	9797962.967	54.592701
692	550193.4933	9797962.967	54.592701
693	550223.4933	9797962.967	54.6735
694	550253.4933	9797962.967	57.668598
695	550283.4933	9797962.967	61.182098
696	550313.4933	9797962.967	64.564201
697	550343.4933	9797962.967	67.773598
698	550373.4933	9797962.967	70.378998
699	550403.4933	9797962.967	72.047699
700	550433.4933	9797962.967	72.798698
701	550463.4933	9797962.967	72.798401
702	550493.4933	9797962.967	72.352997
703	548903.4933	9797992.967	89.635201
704	548933.4933	9797992.967	90.1437
705	548963.4933	9797992.967	89.942802
706	548993.4933	9797992.967	89.377098
707	549023.4933	9797992.967	88.2229
708	549053.4933	9797992.967	86.827202
709	549083.4933	9797992.967	85.576599
710	549113.4933	9797992.967	84.4757
711	549143.4933	9797992.967	83.9701
712	549173.4933	9797992.967	83.2892
713	549203.4933	9797992.967	82.594902
714	549233.4933	9797992.967	81.573898
715	549263.4933	9797992.967	80.366402
716	549293.4933	9797992.967	79.3582
717	549323.4933	9797992.967	78.635498
718	549353.4933	9797992.967	77.993202
719	549383.4933	9797992.967	77.328102
720	549413.4933	9797992.967	76.3647
721	549443.4933	9797992.967	75.287498
722	549473.4933	9797992.967	74.256302
723	549503.4933	9797992.967	73.354698
724	549533.4933	9797992.967	72.507103
725	549563.4933	9797992.967	71.6287
726	549593.4933	9797992.967	70.6577
727	549623.4933	9797992.967	69.729797
728	549653.4933	9797992.967	69.042397
729	549683.4933	9797992.967	68.727097
730	549713.4933	9797992.967	68.418198
731	549743.4933	9797992.967	67.816498
732	549773.4933	9797992.967	66.903397
733	549803.4933	9797992.967	65.830704
734	549833.4933	9797992.967	64.579498
735	549863.4933	9797992.967	62.9464
736	549893.4933	9797992.967	61.210098
737	549923.4933	9797992.967	59.652802
738	549953.4933	9797992.967	58.050301
739	549983.4933	9797992.967	58.050301
740	550013.4933	9797992.967	56.638302
741	550043.4933	9797992.967	54.972099
742	550073.4933	9797992.967	54.592701
743	550103.4933	9797992.967	54.592701
744	550133.4933	9797992.967	54.592701
745	550163.4933	9797992.967	54.592701
746	550193.4933	9797992.967	54.592701
747	550223.4933	9797992.967	54.592701
748	550253.4933	9797992.967	56.366798
749	550283.4933	9797992.967	60.2505
750	550313.4933	9797992.967	64.2995
751	550343.4933	9797992.967	68.274498
752	550373.4933	9797992.967	71.281998
753	550403.4933	9797992.967	73.507599
754	550433.4933	9797992.967	74.491798
755	550463.4933	9797992.967	74.533401
756	550493.4933	9797992.967	73.873001
757	548903.4933	9798022.967	88.272598
758	548933.4933	9798022.967	88.891602
759	548963.4933	9798022.967	88.765701
760	548993.4933	9798022.967	88.2593
761	549023.4933	9798022.967	86.656197
762	549053.4933	9798022.967	85.343002
763	549083.4933	9798022.967	84.018097
764	549113.4933	9798022.967	83.1073
765	549143.4933	9798022.967	82.847603
766	549173.4933	9798022.967	82.434402
767	549203.4933	9798022.967	82.5056
768	549233.4933	9798022.967	81.1418
769	549263.4933	9798022.967	79.773201
770	549293.4933	9798022.967	78.236801
771	549323.4933	9798022.967	77.822098
772	549353.4933	9798022.967	77.473
773	549383.4933	9798022.967	76.664398
774	549413.4933	9798022.967	75.020599
775	549443.4933	9798022.967	73.4076
776	549473.4933	9798022.967	72.169197
777	549503.4933	9798022.967	71.4645
778	549533.4933	9798022.967	70.777
779	549563.4933	9798022.967	69.977898
780	549593.4933	9798022.967	69.095901
781	549623.4933	9798022.967	68.297997
782	549653.4933	9798022.967	67.688904
783	549683.4933	9798022.967	67.227303
784	549713.4933	9798022.967	66.687401
785	549743.4933	9798022.967	65.887703
786	549773.4933	9798022.967	64.661903
787	549803.4933	9798022.967	63.2323
788	549833.4933	9798022.967	62.1908
789	549863.4933	9798022.967	60.610802
790	549893.4933	9798022.967	59.181499
791	549923.4933	9798022.967	57.4352
792	549953.4933	9798022.967	56.491001
793	549983.4933	9798022.967	56.491001
794	550013.4933	9798022.967	55.505501
795	550043.4933	9798022.967	54.592701
796	550073.4933	9798022.967	54.592701
797	550103.4933	9798022.967	54.592701
798	550133.4933	9798022.967	54.592701
799	550163.4933	9798022.967	54.592701
800	550193.4933	9798022.967	54.592701
801	550223.4933	9798022.967	54.592701
802	550253.4933	9798022.967	55.833
803	550283.4933	9798022.967	60.003502
804	550313.4933	9798022.967	64.993797
805	550343.4933	9798022.967	69.099098
806	550373.4933	9798022.967	72.223503
807	550403.4933	9798022.967	74.783798
808	550433.4933	9798022.967	75.881203
809	550463.4933	9798022.967	76.076897
810	550493.4933	9798022.967	75.068703
811	548903.4933	9798052.967	86.355301
812	548933.4933	9798052.967	87.034103
813	548963.4933	9798052.967	87.2267
814	548993.4933	9798052.967	86.947899
815	549023.4933	9798052.967	85.967201
816	549053.4933	9798052.967	84.722298
817	549083.4933	9798052.967	83.473602
818	549113.4933	9798052.967	82.602798
819	549143.4933	9798052.967	82.390404
820	549173.4933	9798052.967	82.209702
821	549203.4933	9798052.967	81.753304
822	549233.4933	9798052.967	80.339798
823	549263.4933	9798052.967	78.754601
824	549293.4933	9798052.967	77.498497
825	549323.4933	9798052.967	76.9842
826	549353.4933	9798052.967	76.484703
827	549383.4933	9798052.967	75.5485
828	549413.4933	9798052.967	73.713898
829	549443.4933	9798052.967	71.775002
830	549473.4933	9798052.967	70.2696
831	549503.4933	9798052.967	69.361504
832	549533.4933	9798052.967	68.696297
833	549563.4933	9798052.967	67.974503
834	549593.4933	9798052.967	67.1912
835	549623.4933	9798052.967	66.451103
836	549653.4933	9798052.967	65.813004
837	549683.4933	9798052.967	65.255501
838	549713.4933	9798052.967	64.576401
839	549743.4933	9798052.967	63.614799
840	549773.4933	9798052.967	62.134701
841	549803.4933	9798052.967	60.469799
842	549833.4933	9798052.967	59.0033
843	549863.4933	9798052.967	57.584801
844	549893.4933	9798052.967	56.3713
845	549923.4933	9798052.967	55.335098
846	549953.4933	9798052.967	54.9217
847	549983.4933	9798052.967	54.9217
848	550013.4933	9798052.967	54.592701
849	550043.4933	9798052.967	54.592701
850	550073.4933	9798052.967	54.592701
851	550103.4933	9798052.967	54.592701
852	550133.4933	9798052.967	54.592701
853	550163.4933	9798052.967	54.592701
854	550193.4933	9798052.967	54.592701
855	550223.4933	9798052.967	54.592701
856	550253.4933	9798052.967	56.1399
857	550283.4933	9798052.967	60.757301
858	550313.4933	9798052.967	65.562599
859	550343.4933	9798052.967	69.602798
860	550373.4933	9798052.967	72.8797
861	550403.4933	9798052.967	75.256203
862	550433.4933	9798052.967	76.388901
863	550463.4933	9798052.967	76.570297
864	550493.4933	9798052.967	75.935402
865	548903.4933	9798082.967	84.306198
866	548933.4933	9798082.967	85.132698
867	548963.4933	9798082.967	85.537102
868	548993.4933	9798082.967	85.549103
869	549023.4933	9798082.967	85.275803
870	549053.4933	9798082.967	84.193703
871	549083.4933	9798082.967	82.987396
872	549113.4933	9798082.967	82.084
873	549143.4933	9798082.967	81.9366
874	549173.4933	9798082.967	81.807297
875	549203.4933	9798082.967	80.839897
876	549233.4933	9798082.967	79.337997
877	549263.4933	9798082.967	77.7257
878	549293.4933	9798082.967	76.694199
879	549323.4933	9798082.967	76.013397
880	549353.4933	9798082.967	75.280602
881	549383.4933	9798082.967	74.156601
882	549413.4933	9798082.967	72.2146
883	549443.4933	9798082.967	70.150398
884	549473.4933	9798082.967	68.280502
885	549503.4933	9798082.967	67.234497
886	549533.4933	9798082.967	66.509399
887	549563.4933	9798082.967	65.923698
888	549593.4933	9798082.967	65.125603
889	549623.4933	9798082.967	64.363297
890	549653.4933	9798082.967	63.688099
891	549683.4933	9798082.967	63.185699
892	549713.4933	9798082.967	62.536701
893	549743.4933	9798082.967	61.3969
894	549773.4933	9798082.967	59.8522
895	549803.4933	9798082.967	58.141102
896	549833.4933	9798082.967	56.297901
897	549863.4933	9798082.967	55.101101
898	549893.4933	9798082.967	54.592701
899	549923.4933	9798082.967	54.592701
900	549953.4933	9798082.967	54.592701
901	549983.4933	9798082.967	54.592701
902	550013.4933	9798082.967	54.592701
903	550043.4933	9798082.967	54.592701
904	550073.4933	9798082.967	54.592701
905	550103.4933	9798082.967	54.592701
906	550133.4933	9798082.967	54.592701
907	550163.4933	9798082.967	54.592701
908	550193.4933	9798082.967	54.592701
909	550223.4933	9798082.967	54.592701
910	550253.4933	9798082.967	56.941399
911	550283.4933	9798082.967	61.569698
912	550313.4933	9798082.967	66.075302
913	550343.4933	9798082.967	70.205704
914	550373.4933	9798082.967	73.578903
915	550403.4933	9798082.967	75.642097
916	550433.4933	9798082.967	76.7696
917	550463.4933	9798082.967	77.045502
918	550493.4933	9798082.967	76.842201
919	548903.4933	9798112.967	82.2985
920	548933.4933	9798112.967	82.976097
921	548963.4933	9798112.967	83.677101
922	548993.4933	9798112.967	84.1278
923	549023.4933	9798112.967	84.351997
924	549053.4933	9798112.967	83.387497
925	549083.4933	9798112.967	82.230301
926	549113.4933	9798112.967	81.397697
927	549143.4933	9798112.967	81.014198
928	549173.4933	9798112.967	81.105904
929	549203.4933	9798112.967	79.715797
930	549233.4933	9798112.967	78.182503
931	549263.4933	9798112.967	76.573502
932	549293.4933	9798112.967	75.781601
933	549323.4933	9798112.967	74.910698
934	549353.4933	9798112.967	73.8992
935	549383.4933	9798112.967	72.388802
936	549413.4933	9798112.967	70.763802
937	549443.4933	9798112.967	68.440002
938	549473.4933	9798112.967	66.521698
939	549503.4933	9798112.967	65.273903
940	549533.4933	9798112.967	64.412102
941	549563.4933	9798112.967	63.976799
942	549593.4933	9798112.967	63.056999
943	549623.4933	9798112.967	62.105
944	549653.4933	9798112.967	61.482399
945	549683.4933	9798112.967	61.236198
946	549713.4933	9798112.967	61.028801
947	549743.4933	9798112.967	59.910198
948	549773.4933	9798112.967	58.335098
949	549803.4933	9798112.967	56.627201
950	549833.4933	9798112.967	54.795898
951	549863.4933	9798112.967	54.592701
952	549893.4933	9798112.967	54.592701
953	549923.4933	9798112.967	54.592701
954	549953.4933	9798112.967	54.592701
955	549983.4933	9798112.967	54.592701
956	550013.4933	9798112.967	55.1175
957	550043.4933	9798112.967	55.804298
958	550073.4933	9798112.967	55.115501
959	550103.4933	9798112.967	54.592701
960	550133.4933	9798112.967	54.592701
961	550163.4933	9798112.967	54.592701
962	550193.4933	9798112.967	54.592701
963	550223.4933	9798112.967	54.592701
964	550253.4933	9798112.967	57.785198
965	550283.4933	9798112.967	62.395802
966	550313.4933	9798112.967	66.851303
967	550343.4933	9798112.967	70.831001
968	550373.4933	9798112.967	74.101196
969	550403.4933	9798112.967	76.0121
970	550433.4933	9798112.967	77.312202
971	550463.4933	9798112.967	77.767998
972	550493.4933	9798112.967	77.908501
973	548903.4933	9798142.967	80.534203
974	548933.4933	9798142.967	81.075699
975	548963.4933	9798142.967	81.8041
976	548993.4933	9798142.967	82.281197
977	549023.4933	9798142.967	82.227997
978	549053.4933	9798142.967	81.621597
979	549083.4933	9798142.967	80.738098
980	549113.4933	9798142.967	80.212898
981	549143.4933	9798142.967	79.626198
982	549173.4933	9798142.967	79.287201
983	549203.4933	9798142.967	78.594398
984	549233.4933	9798142.967	77.408897
985	549263.4933	9798142.967	76.156898
986	549293.4933	9798142.967	74.750099
987	549323.4933	9798142.967	73.515404
988	549353.4933	9798142.967	71.952797
989	549383.4933	9798142.967	70.279297
990	549413.4933	9798142.967	68.501999
991	549443.4933	9798142.967	66.7164
992	549473.4933	9798142.967	65.0187
993	549503.4933	9798142.967	63.714901
994	549533.4933	9798142.967	62.648701
995	549563.4933	9798142.967	61.731098
996	549593.4933	9798142.967	60.967899
997	549623.4933	9798142.967	60.252701
998	549653.4933	9798142.967	59.934898
999	549683.4933	9798142.967	59.7757
1000	549713.4933	9798142.967	59.719101
1001	549743.4933	9798142.967	59.355701
1002	549773.4933	9798142.967	58.193802
1003	549803.4933	9798142.967	57.045898
1004	549833.4933	9798142.967	56.0061
1005	549863.4933	9798142.967	55.251999
1006	549893.4933	9798142.967	54.996601
1007	549923.4933	9798142.967	54.996201
1008	549953.4933	9798142.967	56.155899
1009	549983.4933	9798142.967	56.155899
1010	550013.4933	9798142.967	56.865501
1011	550043.4933	9798142.967	57.067402
1012	550073.4933	9798142.967	56.066898
1013	550103.4933	9798142.967	54.6269
1014	550133.4933	9798142.967	54.592701
1015	550163.4933	9798142.967	54.592701
1016	550193.4933	9798142.967	54.592701
1017	550223.4933	9798142.967	54.592701
1018	550253.4933	9798142.967	57.933899
1019	550283.4933	9798142.967	62.679298
1020	550313.4933	9798142.967	67.620003
1021	550343.4933	9798142.967	71.428299
1022	550373.4933	9798142.967	74.7677
1023	550403.4933	9798142.967	77.213799
1024	550433.4933	9798142.967	78.821899
1025	550463.4933	9798142.967	79.654503
1026	550493.4933	9798142.967	79.673798
1027	548903.4933	9798172.967	79.1371
1028	548933.4933	9798172.967	79.515999
1029	548963.4933	9798172.967	79.995102
1030	548993.4933	9798172.967	80.3508
1031	549023.4933	9798172.967	80.283501
1032	549053.4933	9798172.967	79.593697
1033	549083.4933	9798172.967	78.820503
1034	549113.4933	9798172.967	78.094002
1035	549143.4933	9798172.967	77.563904
1036	549173.4933	9798172.967	77.099602
1037	549203.4933	9798172.967	76.951202
1038	549233.4933	9798172.967	76.172096
1039	549263.4933	9798172.967	75.065498
1040	549293.4933	9798172.967	73.4963
1041	549323.4933	9798172.967	71.753601
1042	549353.4933	9798172.967	70.020401
1043	549383.4933	9798172.967	68.146103
1044	549413.4933	9798172.967	66.391197
1045	549443.4933	9798172.967	64.801804
1046	549473.4933	9798172.967	63.605701
1047	549503.4933	9798172.967	62.445499
1048	549533.4933	9798172.967	61.396599
1049	549563.4933	9798172.967	60.2962
1050	549593.4933	9798172.967	59.367802
1051	549623.4933	9798172.967	59.314098
1052	549653.4933	9798172.967	59.314098
1053	549683.4933	9798172.967	59.314098
1054	549713.4933	9798172.967	59.314098
1055	549743.4933	9798172.967	59.314098
1056	549773.4933	9798172.967	58.938099
1057	549803.4933	9798172.967	58.4263
1058	549833.4933	9798172.967	58.02
1059	549863.4933	9798172.967	57.817001
1060	549893.4933	9798172.967	57.679298
1061	549923.4933	9798172.967	57.7938
1062	549953.4933	9798172.967	58.6096
1063	549983.4933	9798172.967	58.6096
1064	550013.4933	9798172.967	59.137501
1065	550043.4933	9798172.967	58.4874
1066	550073.4933	9798172.967	57.056301
1067	550103.4933	9798172.967	55.297001
1068	550133.4933	9798172.967	54.592701
1069	550163.4933	9798172.967	54.592701
1070	550193.4933	9798172.967	54.592701
1071	550223.4933	9798172.967	54.592701
1072	550253.4933	9798172.967	57.958199
1073	550283.4933	9798172.967	62.7882
1074	550313.4933	9798172.967	67.783302
1075	550343.4933	9798172.967	71.885696
1076	550373.4933	9798172.967	75.3451
1077	550403.4933	9798172.967	78.264702
1078	550433.4933	9798172.967	80.355499
1079	550463.4933	9798172.967	81.467003
1080	550493.4933	9798172.967	81.628502
1081	548903.4933	9798202.967	77.909698
1082	548933.4933	9798202.967	77.846703
1083	548963.4933	9798202.967	78.312897
1084	548993.4933	9798202.967	78.695801
1085	549023.4933	9798202.967	78.228996
1086	549053.4933	9798202.967	77.608902
1087	549083.4933	9798202.967	77.058296
1088	549113.4933	9798202.967	76.211998
1089	549143.4933	9798202.967	74.985397
1090	549173.4933	9798202.967	74.319901
1091	549203.4933	9798202.967	74.207001
1092	549233.4933	9798202.967	73.983398
1093	549263.4933	9798202.967	73.451103
1094	549293.4933	9798202.967	71.775002
1095	549323.4933	9798202.967	69.645203
1096	549353.4933	9798202.967	67.266602
1097	549383.4933	9798202.967	65.417297
1098	549413.4933	9798202.967	64.349998
1099	549443.4933	9798202.967	63.113499
1100	549473.4933	9798202.967	62.594501
1101	549503.4933	9798202.967	61.509998
1102	549533.4933	9798202.967	60.586601
1103	549563.4933	9798202.967	59.314098
1104	549593.4933	9798202.967	59.314098
1105	549623.4933	9798202.967	59.314098
1106	549653.4933	9798202.967	59.314098
1107	549683.4933	9798202.967	59.314098
1108	549713.4933	9798202.967	59.314098
1109	549743.4933	9798202.967	59.6786
1110	549773.4933	9798202.967	60.194099
1111	549803.4933	9798202.967	60.583599
1112	549833.4933	9798202.967	60.999199
1113	549863.4933	9798202.967	60.914398
1114	549893.4933	9798202.967	60.9603
1115	549923.4933	9798202.967	61.158798
1116	549953.4933	9798202.967	61.277802
1117	549983.4933	9798202.967	61.277802
1118	550013.4933	9798202.967	61.2995
1119	550043.4933	9798202.967	59.9058
1120	550073.4933	9798202.967	58.130001
1121	550103.4933	9798202.967	56.0173
1122	550133.4933	9798202.967	54.592701
1123	550163.4933	9798202.967	54.592701
1124	550193.4933	9798202.967	54.592701
1125	550223.4933	9798202.967	54.592701
1126	550253.4933	9798202.967	58.027699
1127	550283.4933	9798202.967	62.680302
1128	550313.4933	9798202.967	67.729698
1129	550343.4933	9798202.967	72.097801
1130	550373.4933	9798202.967	75.833702
1131	550403.4933	9798202.967	79.139099
1132	550433.4933	9798202.967	81.450897
1133	550463.4933	9798202.967	82.935501
1134	550493.4933	9798202.967	83.292603
1135	548903.4933	9798232.967	77.460999
1136	548933.4933	9798232.967	76.898003
1137	548963.4933	9798232.967	76.890297
1138	548993.4933	9798232.967	77.016502
1139	549023.4933	9798232.967	76.742996
1140	549053.4933	9798232.967	76.211098
1141	549083.4933	9798232.967	75.373497
1142	549113.4933	9798232.967	74.328598
1143	549143.4933	9798232.967	72.777603
1144	549173.4933	9798232.967	71.345001
1145	549203.4933	9798232.967	70.6604
1146	549233.4933	9798232.967	70.5439
1147	549263.4933	9798232.967	70.3144
1148	549293.4933	9798232.967	69.068398
1149	549323.4933	9798232.967	66.961601
1150	549353.4933	9798232.967	64.718597
1151	549383.4933	9798232.967	62.9179
1152	549413.4933	9798232.967	62.1992
1153	549443.4933	9798232.967	61.8391
1154	549473.4933	9798232.967	61.478802
1155	549503.4933	9798232.967	60.741901
1156	549533.4933	9798232.967	59.982899
1157	549563.4933	9798232.967	59.314098
1158	549593.4933	9798232.967	59.314098
1159	549623.4933	9798232.967	59.314098
1160	549653.4933	9798232.967	59.3316
1161	549683.4933	9798232.967	59.6436
1162	549713.4933	9798232.967	60.121201
1163	549743.4933	9798232.967	60.828499
1164	549773.4933	9798232.967	61.7938
1165	549803.4933	9798232.967	62.749298
1166	549833.4933	9798232.967	63.397099
1167	549863.4933	9798232.967	63.770302
1168	549893.4933	9798232.967	63.9263
1169	549923.4933	9798232.967	63.940201
1170	549953.4933	9798232.967	63.716202
1171	549983.4933	9798232.967	63.716202
1172	550013.4933	9798232.967	63.0065
1173	550043.4933	9798232.967	61.561401
1174	550073.4933	9798232.967	59.494598
1175	550103.4933	9798232.967	57.2453
1176	550133.4933	9798232.967	55.230202
1177	550163.4933	9798232.967	54.592701
1178	550193.4933	9798232.967	54.592701
1179	550223.4933	9798232.967	54.8424
1180	550253.4933	9798232.967	58.359501
1181	550283.4933	9798232.967	62.911301
1182	550313.4933	9798232.967	67.747902
1183	550343.4933	9798232.967	72.018097
1184	550373.4933	9798232.967	75.789001
1185	550403.4933	9798232.967	79.028603
1186	550433.4933	9798232.967	81.568703
1187	550463.4933	9798232.967	83.234001
1188	550493.4933	9798232.967	83.861603
1189	548903.4933	9798262.967	77.325401
1190	548933.4933	9798262.967	75.998802
1191	548963.4933	9798262.967	75.625801
1192	548993.4933	9798262.967	75.452599
1193	549023.4933	9798262.967	75.5009
1194	549053.4933	9798262.967	74.855698
1195	549083.4933	9798262.967	73.757202
1196	549113.4933	9798262.967	72.459297
1197	549143.4933	9798262.967	70.3881
1198	549173.4933	9798262.967	68.7061
1199	549203.4933	9798262.967	67.337097
1200	549233.4933	9798262.967	67.031998
1201	549263.4933	9798262.967	66.896004
1202	549293.4933	9798262.967	66.165398
1203	549323.4933	9798262.967	64.392502
1204	549353.4933	9798262.967	62.396198
1205	549383.4933	9798262.967	60.908699
1206	549413.4933	9798262.967	60.908699
1207	549443.4933	9798262.967	60.908699
1208	549473.4933	9798262.967	60.908699
1209	549503.4933	9798262.967	60.591499
1210	549533.4933	9798262.967	60.262402
1211	549563.4933	9798262.967	60.192799
1212	549593.4933	9798262.967	60.436798
1213	549623.4933	9798262.967	60.637699
1214	549653.4933	9798262.967	60.824001
1215	549683.4933	9798262.967	61.180698
1216	549713.4933	9798262.967	61.7402
1217	549743.4933	9798262.967	62.451698
1218	549773.4933	9798262.967	63.5509
1219	549803.4933	9798262.967	64.610802
1220	549833.4933	9798262.967	65.6567
1221	549863.4933	9798262.967	66.201897
1222	549893.4933	9798262.967	66.370201
1223	549923.4933	9798262.967	66.015099
1224	549953.4933	9798262.967	65.494499
1225	549983.4933	9798262.967	65.494499
1226	550013.4933	9798262.967	64.379303
1227	550043.4933	9798262.967	62.784901
1228	550073.4933	9798262.967	60.527802
1229	550103.4933	9798262.967	58.118698
1230	550133.4933	9798262.967	55.896801
1231	550163.4933	9798262.967	54.592701
1232	550193.4933	9798262.967	54.592701
1233	550223.4933	9798262.967	55.3741
1234	550253.4933	9798262.967	58.799099
1235	550283.4933	9798262.967	63.239201
1236	550313.4933	9798262.967	67.849098
1237	550343.4933	9798262.967	71.928001
1238	550373.4933	9798262.967	75.649399
1239	550403.4933	9798262.967	78.772102
1240	550433.4933	9798262.967	81.3153
1241	550463.4933	9798262.967	83.135201
1242	550493.4933	9798262.967	83.969803
1243	548903.4933	9798292.967	77.094002
1244	548933.4933	9798292.967	75.632797
1245	548963.4933	9798292.967	74.780296
1246	548993.4933	9798292.967	73.732101
1247	549023.4933	9798292.967	73.565201
1248	549053.4933	9798292.967	73.149597
1249	549083.4933	9798292.967	72.389198
1250	549113.4933	9798292.967	70.743797
1251	549143.4933	9798292.967	68.432602
1252	549173.4933	9798292.967	66.327904
1253	549203.4933	9798292.967	64.471001
1254	549233.4933	9798292.967	64.4356
1255	549263.4933	9798292.967	64.210701
1256	549293.4933	9798292.967	64.135498
1257	549323.4933	9798292.967	62.4263
1258	549353.4933	9798292.967	60.908699
1259	549383.4933	9798292.967	60.908699
1260	549413.4933	9798292.967	60.908699
1261	549443.4933	9798292.967	60.908699
1262	549473.4933	9798292.967	61.311199
1263	549503.4933	9798292.967	61.257099
1264	549533.4933	9798292.967	61.347301
1265	549563.4933	9798292.967	61.891102
1266	549593.4933	9798292.967	62.547901
1267	549623.4933	9798292.967	63.173901
1268	549653.4933	9798292.967	63.2813
1269	549683.4933	9798292.967	63.378799
1270	549713.4933	9798292.967	63.6703
1271	549743.4933	9798292.967	64.341499
1272	549773.4933	9798292.967	65.32
1273	549803.4933	9798292.967	66.148003
1274	549833.4933	9798292.967	67.209801
1275	549863.4933	9798292.967	67.805901
1276	549893.4933	9798292.967	67.891701
1277	549923.4933	9798292.967	67.4627
1278	549953.4933	9798292.967	66.312599
1279	549983.4933	9798292.967	66.312599
1280	550013.4933	9798292.967	64.900002
1281	550043.4933	9798292.967	63.0723
1282	550073.4933	9798292.967	60.766899
1283	550103.4933	9798292.967	58.4496
1284	550133.4933	9798292.967	55.968399
1285	550163.4933	9798292.967	54.592701
1286	550193.4933	9798292.967	54.592701
1287	550223.4933	9798292.967	55.793301
1288	550253.4933	9798292.967	59.334999
1289	550283.4933	9798292.967	63.807301
1290	550313.4933	9798292.967	68.276199
1291	550343.4933	9798292.967	72.170998
1292	550373.4933	9798292.967	75.524498
1293	550403.4933	9798292.967	78.2929
1294	550433.4933	9798292.967	81.051903
1295	550463.4933	9798292.967	82.940598
1296	550493.4933	9798292.967	84.148598
1297	548903.4933	9798322.967	76.769897
1298	548933.4933	9798322.967	75.124298
1299	548963.4933	9798322.967	73.4646
1300	548993.4933	9798322.967	72.0382
1301	549023.4933	9798322.967	71.315002
1302	549053.4933	9798322.967	70.923897
1303	549083.4933	9798322.967	70.399399
1304	549113.4933	9798322.967	69.150597
1305	549143.4933	9798322.967	67.004799
1306	549173.4933	9798322.967	64.886902
1307	549203.4933	9798322.967	63.4538
1308	549233.4933	9798322.967	63.307899
1309	549263.4933	9798322.967	63.307899
1310	549293.4933	9798322.967	62.9114
1311	549323.4933	9798322.967	61.510899
1312	549353.4933	9798322.967	60.908699
1313	549383.4933	9798322.967	60.908699
1314	549413.4933	9798322.967	60.908699
1315	549443.4933	9798322.967	61.5242
1316	549473.4933	9798322.967	62.574699
1317	549503.4933	9798322.967	63.136799
1318	549533.4933	9798322.967	63.601799
1319	549563.4933	9798322.967	64.299698
1320	549593.4933	9798322.967	65.2248
1321	549623.4933	9798322.967	66.025803
1322	549653.4933	9798322.967	66.3881
1323	549683.4933	9798322.967	66.231796
1324	549713.4933	9798322.967	66.030098
1325	549743.4933	9798322.967	66.2043
1326	549773.4933	9798322.967	66.719299
1327	549803.4933	9798322.967	67.369698
1328	549833.4933	9798322.967	68.023102
1329	549863.4933	9798322.967	68.3256
1330	549893.4933	9798322.967	68.210503
1331	549923.4933	9798322.967	67.530502
1332	549953.4933	9798322.967	66.223503
1333	549983.4933	9798322.967	66.223503
1334	550013.4933	9798322.967	64.411301
1335	550043.4933	9798322.967	62.280201
1336	550073.4933	9798322.967	59.895
1337	550103.4933	9798322.967	57.5839
1338	550133.4933	9798322.967	55.4767
1339	550163.4933	9798322.967	54.592701
1340	550193.4933	9798322.967	54.592701
1341	550223.4933	9798322.967	56.065701
1342	550253.4933	9798322.967	59.891899
1343	550283.4933	9798322.967	64.559402
1344	550313.4933	9798322.967	69.075401
1345	550343.4933	9798322.967	72.754501
1346	550373.4933	9798322.967	75.891701
1347	550403.4933	9798322.967	78.683296
1348	550433.4933	9798322.967	81.194901
1349	550463.4933	9798322.967	83.054802
1350	550493.4933	9798322.967	84.1315
1351	548903.4933	9798352.967	75.899803
1352	548933.4933	9798352.967	74.150597
1353	548963.4933	9798352.967	72.295799
1354	548993.4933	9798352.967	70.606499
1355	549023.4933	9798352.967	69.206398
1356	549053.4933	9798352.967	68.803398
1357	549083.4933	9798352.967	68.527
1358	549113.4933	9798352.967	68.035103
1359	549143.4933	9798352.967	66.264603
1360	549173.4933	9798352.967	64.437401
1361	549203.4933	9798352.967	63.420502
1362	549233.4933	9798352.967	63.504299
1363	549263.4933	9798352.967	63.741699
1364	549293.4933	9798352.967	63.101101
1365	549323.4933	9798352.967	61.9487
1366	549353.4933	9798352.967	60.925999
1367	549383.4933	9798352.967	60.908699
1368	549413.4933	9798352.967	61.732498
1369	549443.4933	9798352.967	63.199699
1370	549473.4933	9798352.967	64.751602
1371	549503.4933	9798352.967	65.655701
1372	549533.4933	9798352.967	66.405602
1373	549563.4933	9798352.967	67.1987
1374	549593.4933	9798352.967	68.245399
1375	549623.4933	9798352.967	69.080597
1376	549653.4933	9798352.967	69.637398
1377	549683.4933	9798352.967	69.059303
1378	549713.4933	9798352.967	68.3647
1379	549743.4933	9798352.967	67.742401
1380	549773.4933	9798352.967	67.901199
1381	549803.4933	9798352.967	68.250702
1382	549833.4933	9798352.967	68.358398
1383	549863.4933	9798352.967	68.271103
1384	549893.4933	9798352.967	67.843903
1385	549923.4933	9798352.967	66.987
1386	549953.4933	9798352.967	65.575798
1387	549983.4933	9798352.967	65.575798
1388	550013.4933	9798352.967	63.667999
1389	550043.4933	9798352.967	61.258202
1390	550073.4933	9798352.967	58.790298
1391	550103.4933	9798352.967	56.535999
1392	550133.4933	9798352.967	54.985199
1393	550163.4933	9798352.967	54.592701
1394	550193.4933	9798352.967	54.592701
1395	550223.4933	9798352.967	56.3871
1396	550253.4933	9798352.967	60.428299
1397	550283.4933	9798352.967	65.2248
1398	550313.4933	9798352.967	69.838799
1399	550343.4933	9798352.967	73.391403
1400	550373.4933	9798352.967	76.319
1401	550403.4933	9798352.967	78.902901
1402	550433.4933	9798352.967	81.210503
1403	550463.4933	9798352.967	82.910599
1404	550493.4933	9798352.967	83.654297
1405	548903.4933	9798382.967	74.846703
1406	548933.4933	9798382.967	73.364799
1407	548963.4933	9798382.967	71.135498
1408	548993.4933	9798382.967	69.071404
1409	549023.4933	9798382.967	67.3069
1410	549053.4933	9798382.967	67.124199
1411	549083.4933	9798382.967	67.247101
1412	549113.4933	9798382.967	67.173897
1413	549143.4933	9798382.967	66.4562
1414	549173.4933	9798382.967	65.139198
1415	549203.4933	9798382.967	64.806801
1416	549233.4933	9798382.967	65.040298
1417	549263.4933	9798382.967	65.357002
1418	549293.4933	9798382.967	64.6045
1419	549323.4933	9798382.967	63.832901
1420	549353.4933	9798382.967	63.174099
1421	549383.4933	9798382.967	63.591202
1422	549413.4933	9798382.967	64.189697
1423	549443.4933	9798382.967	65.669502
1424	549473.4933	9798382.967	67.254601
1425	549503.4933	9798382.967	68.555801
1426	549533.4933	9798382.967	69.640999
1427	549563.4933	9798382.967	70.436302
1428	549593.4933	9798382.967	71.351402
1429	549623.4933	9798382.967	72.121399
1430	549653.4933	9798382.967	72.442101
1431	549683.4933	9798382.967	71.594398
1432	549713.4933	9798382.967	70.383904
1433	549743.4933	9798382.967	69.2826
1434	549773.4933	9798382.967	68.830803
1435	549803.4933	9798382.967	68.619003
1436	549833.4933	9798382.967	68.2658
1437	549863.4933	9798382.967	67.956497
1438	549893.4933	9798382.967	67.397301
1439	549923.4933	9798382.967	66.381897
1440	549953.4933	9798382.967	65.027199
1441	549983.4933	9798382.967	65.027199
1442	550013.4933	9798382.967	62.904598
1443	550043.4933	9798382.967	60.406399
1444	550073.4933	9798382.967	57.972401
1445	550103.4933	9798382.967	55.753201
1446	550133.4933	9798382.967	54.592701
1447	550163.4933	9798382.967	54.592701
1448	550193.4933	9798382.967	54.592701
1449	550223.4933	9798382.967	56.6465
1450	550253.4933	9798382.967	60.913799
1451	550283.4933	9798382.967	65.708
1452	550313.4933	9798382.967	70.313904
1453	550343.4933	9798382.967	73.802696
1454	550373.4933	9798382.967	76.661697
1455	550403.4933	9798382.967	79.152199
1456	550433.4933	9798382.967	80.935097
1457	550463.4933	9798382.967	82.180496
1458	550493.4933	9798382.967	82.703003
1459	548903.4933	9798412.967	72.911797
1460	548933.4933	9798412.967	71.906097
1461	548963.4933	9798412.967	69.732803
1462	548993.4933	9798412.967	67.771698
1463	549023.4933	9798412.967	67.067703
1464	549053.4933	9798412.967	67.067703
1465	549083.4933	9798412.967	67.067703
1466	549113.4933	9798412.967	67.067703
1467	549143.4933	9798412.967	66.991402
1468	549173.4933	9798412.967	66.927498
1469	549203.4933	9798412.967	67.205704
1470	549233.4933	9798412.967	67.481697
1471	549263.4933	9798412.967	67.899498
1472	549293.4933	9798412.967	67.983398
1473	549323.4933	9798412.967	67.763901
1474	549353.4933	9798412.967	67.655998
1475	549383.4933	9798412.967	67.716301
1476	549413.4933	9798412.967	68.384697
1477	549443.4933	9798412.967	69.199997
1478	549473.4933	9798412.967	70.372498
1479	549503.4933	9798412.967	71.560799
1480	549533.4933	9798412.967	72.699799
1481	549563.4933	9798412.967	73.663002
1482	549593.4933	9798412.967	74.328697
1483	549623.4933	9798412.967	74.625999
1484	549653.4933	9798412.967	74.305801
1485	549683.4933	9798412.967	73.180702
1486	549713.4933	9798412.967	71.711998
1487	549743.4933	9798412.967	70.503403
1488	549773.4933	9798412.967	69.523201
1489	549803.4933	9798412.967	68.939697
1490	549833.4933	9798412.967	68.481003
1491	549863.4933	9798412.967	67.993896
1492	549893.4933	9798412.967	67.353699
1493	549923.4933	9798412.967	66.468002
1494	549953.4933	9798412.967	64.986397
1495	549983.4933	9798412.967	64.986397
1496	550013.4933	9798412.967	63.162201
1497	550043.4933	9798412.967	60.871201
1498	550073.4933	9798412.967	58.401901
1499	550103.4933	9798412.967	56.146198
1500	550133.4933	9798412.967	54.592701
1501	550163.4933	9798412.967	54.592701
1502	550193.4933	9798412.967	54.592701
1503	550223.4933	9798412.967	56.638802
1504	550253.4933	9798412.967	60.941299
1505	550283.4933	9798412.967	65.792099
1506	550313.4933	9798412.967	70.179703
1507	550343.4933	9798412.967	73.600601
1508	550373.4933	9798412.967	76.1371
1509	550403.4933	9798412.967	78.184402
1510	550433.4933	9798412.967	79.571297
1511	550463.4933	9798412.967	80.631104
1512	550493.4933	9798412.967	81.699799
1513	548903.4933	9798442.967	70.976303
1514	548933.4933	9798442.967	70.4132
1515	548963.4933	9798442.967	68.800499
1516	548993.4933	9798442.967	67.165398
1517	549023.4933	9798442.967	67.067703
1518	549053.4933	9798442.967	67.067703
1519	549083.4933	9798442.967	67.1045
1520	549113.4933	9798442.967	67.882401
1521	549143.4933	9798442.967	68.477203
1522	549173.4933	9798442.967	69.099098
1523	549203.4933	9798442.967	69.794098
1524	549233.4933	9798442.967	70.565498
1525	549263.4933	9798442.967	71.298897
1526	549293.4933	9798442.967	72.046501
1527	549323.4933	9798442.967	72.395401
1528	549353.4933	9798442.967	72.4842
1529	549383.4933	9798442.967	72.425499
1530	549413.4933	9798442.967	72.760597
1531	549443.4933	9798442.967	73.252602
1532	549473.4933	9798442.967	73.682602
1533	549503.4933	9798442.967	74.5093
1534	549533.4933	9798442.967	75.394096
1535	549563.4933	9798442.967	76.316704
1536	549593.4933	9798442.967	76.809601
1537	549623.4933	9798442.967	76.690002
1538	549653.4933	9798442.967	75.681
1539	549683.4933	9798442.967	74.156898
1540	549713.4933	9798442.967	72.451797
1541	549743.4933	9798442.967	71.0009
1542	549773.4933	9798442.967	69.8573
1543	549803.4933	9798442.967	68.995399
1544	549833.4933	9798442.967	68.330101
1545	549863.4933	9798442.967	67.9263
1546	549893.4933	9798442.967	67.318199
1547	549923.4933	9798442.967	66.467903
1548	549953.4933	9798442.967	65.163902
1549	549983.4933	9798442.967	65.163902
1550	550013.4933	9798442.967	63.4687
1551	550043.4933	9798442.967	61.5093
1552	550073.4933	9798442.967	59.149899
1553	550103.4933	9798442.967	56.8801
1554	550133.4933	9798442.967	55.0098
1555	550163.4933	9798442.967	54.592701
1556	550193.4933	9798442.967	54.592701
1557	550223.4933	9798442.967	56.7514
1558	550253.4933	9798442.967	60.941502
1559	550283.4933	9798442.967	65.759102
1560	550313.4933	9798442.967	70.125702
1561	550343.4933	9798442.967	73.287399
1562	550373.4933	9798442.967	75.580299
1563	550403.4933	9798442.967	76.948799
1564	550433.4933	9798442.967	78.157799
1565	550463.4933	9798442.967	79.215698
1566	550493.4933	9798442.967	80.524597
1567	548903.4933	9798472.967	69.863503
1568	548933.4933	9798472.967	69.710999
1569	548963.4933	9798472.967	68.7286
1570	548993.4933	9798472.967	67.595001
1571	549023.4933	9798472.967	67.274696
1572	549053.4933	9798472.967	67.564697
1573	549083.4933	9798472.967	68.077797
1574	549113.4933	9798472.967	69.243202
1575	549143.4933	9798472.967	70.720802
1576	549173.4933	9798472.967	71.559898
1577	549203.4933	9798472.967	72.796204
1578	549233.4933	9798472.967	73.910797
1579	549263.4933	9798472.967	74.961403
1580	549293.4933	9798472.967	76.112602
1581	549323.4933	9798472.967	76.814697
1582	549353.4933	9798472.967	77.417801
1583	549383.4933	9798472.967	77.331398
1584	549413.4933	9798472.967	76.967102
1585	549443.4933	9798472.967	76.887299
1586	549473.4933	9798472.967	76.582001
1587	549503.4933	9798472.967	77.169701
1588	549533.4933	9798472.967	77.692398
1589	549563.4933	9798472.967	78.641701
1590	549593.4933	9798472.967	78.5541
1591	549623.4933	9798472.967	77.831497
1592	549653.4933	9798472.967	76.3703
1593	549683.4933	9798472.967	74.616798
1594	549713.4933	9798472.967	72.491997
1595	549743.4933	9798472.967	70.826302
1596	549773.4933	9798472.967	69.761703
1597	549803.4933	9798472.967	68.980003
1598	549833.4933	9798472.967	68.348999
1599	549863.4933	9798472.967	67.623901
1600	549893.4933	9798472.967	66.795601
1601	549923.4933	9798472.967	66.015602
1602	549953.4933	9798472.967	65.203903
1603	549983.4933	9798472.967	65.203903
1604	550013.4933	9798472.967	63.797298
1605	550043.4933	9798472.967	62.135799
1606	550073.4933	9798472.967	59.810902
1607	550103.4933	9798472.967	57.568699
1608	550133.4933	9798472.967	55.462399
1609	550163.4933	9798472.967	54.592701
1610	550193.4933	9798472.967	54.592701
1611	550223.4933	9798472.967	56.536598
1612	550253.4933	9798472.967	60.9473
1613	550283.4933	9798472.967	65.848297
1614	550313.4933	9798472.967	70.184402
1615	550343.4933	9798472.967	73.138
1616	550373.4933	9798472.967	75.2435
1617	550403.4933	9798472.967	76.188599
1618	550433.4933	9798472.967	77.230301
1619	550463.4933	9798472.967	78.205803
1620	550493.4933	9798472.967	79.634003
1621	548903.4933	9798502.967	69.994698
1622	548933.4933	9798502.967	70.449799
1623	548963.4933	9798502.967	70.145203
1624	548993.4933	9798502.967	69.635101
1625	549023.4933	9798502.967	69.369598
1626	549053.4933	9798502.967	69.455299
1627	549083.4933	9798502.967	69.985802
1628	549113.4933	9798502.967	71.092903
1629	549143.4933	9798502.967	72.679298
1630	549173.4933	9798502.967	74.405098
1631	549203.4933	9798502.967	75.914902
1632	549233.4933	9798502.967	77.081802
1633	549263.4933	9798502.967	78.066299
1634	549293.4933	9798502.967	79.118797
1635	549323.4933	9798502.967	80.128998
1636	549353.4933	9798502.967	80.850502
1637	549383.4933	9798502.967	80.9813
1638	549413.4933	9798502.967	80.432503
1639	549443.4933	9798502.967	79.760696
1640	549473.4933	9798502.967	79.326103
1641	549503.4933	9798502.967	79.458504
1642	549533.4933	9798502.967	79.661697
1643	549563.4933	9798502.967	79.741302
1644	549593.4933	9798502.967	79.140404
1645	549623.4933	9798502.967	78.039497
1646	549653.4933	9798502.967	76.394203
1647	549683.4933	9798502.967	74.328796
1648	549713.4933	9798502.967	72.222198
1649	549743.4933	9798502.967	70.441002
1650	549773.4933	9798502.967	69.2995
1651	549803.4933	9798502.967	68.453201
1652	549833.4933	9798502.967	67.669899
1653	549863.4933	9798502.967	66.756401
1654	549893.4933	9798502.967	65.872803
1655	549923.4933	9798502.967	65.0746
1656	549953.4933	9798502.967	64.497803
1657	549983.4933	9798502.967	64.497803
1658	550013.4933	9798502.967	63.616001
1659	550043.4933	9798502.967	62.0811
1660	550073.4933	9798502.967	59.830601
1661	550103.4933	9798502.967	57.481998
1662	550133.4933	9798502.967	55.422401
1663	550163.4933	9798502.967	54.592701
1664	550193.4933	9798502.967	54.592701
1665	550223.4933	9798502.967	56.518002
1666	550253.4933	9798502.967	60.943401
1667	550283.4933	9798502.967	66.0131
1668	550313.4933	9798502.967	70.434502
1669	550343.4933	9798502.967	73.414001
1670	550373.4933	9798502.967	75.411598
1671	550403.4933	9798502.967	76.581398
1672	550433.4933	9798502.967	77.436798
1673	550463.4933	9798502.967	78.246803
1674	550493.4933	9798502.967	79.491898
1675	548903.4933	9798532.967	71.302399
1676	548933.4933	9798532.967	72.474403
1677	548963.4933	9798532.967	72.607903
1678	548993.4933	9798532.967	72.4105
1679	549023.4933	9798532.967	72.111397
1680	549053.4933	9798532.967	72.095703
1681	549083.4933	9798532.967	72.5056
1682	549113.4933	9798532.967	73.448303
1683	549143.4933	9798532.967	75.260597
1684	549173.4933	9798532.967	77.204903
1685	549203.4933	9798532.967	78.961403
1686	549233.4933	9798532.967	80.116699
1687	549263.4933	9798532.967	80.973503
1688	549293.4933	9798532.967	81.735703
1689	549323.4933	9798532.967	82.702797
1690	549353.4933	9798532.967	83.555496
1691	549383.4933	9798532.967	83.757202
1692	549413.4933	9798532.967	83.049599
1693	549443.4933	9798532.967	82.1147
1694	549473.4933	9798532.967	81.3825
1695	549503.4933	9798532.967	81.226097
1696	549533.4933	9798532.967	80.984703
1697	549563.4933	9798532.967	80.381699
1698	549593.4933	9798532.967	79.185303
1699	549623.4933	9798532.967	77.820602
1700	549653.4933	9798532.967	76.102303
1701	549683.4933	9798532.967	74.0364
1702	549713.4933	9798532.967	71.891403
1703	549743.4933	9798532.967	70.099602
1704	549773.4933	9798532.967	68.951698
1705	549803.4933	9798532.967	68.005898
1706	549833.4933	9798532.967	66.998398
1707	549863.4933	9798532.967	65.915398
1708	549893.4933	9798532.967	64.947701
1709	549923.4933	9798532.967	64.2118
1710	549953.4933	9798532.967	63.84
1711	549983.4933	9798532.967	63.84
1712	550013.4933	9798532.967	63.184799
1713	550043.4933	9798532.967	61.785801
1714	550073.4933	9798532.967	59.6259
1715	550103.4933	9798532.967	57.245098
1716	550133.4933	9798532.967	55.249802
1717	550163.4933	9798532.967	54.592701
1718	550193.4933	9798532.967	54.592701
1719	550223.4933	9798532.967	56.545601
1720	550253.4933	9798532.967	61.117599
1721	550283.4933	9798532.967	66.237801
1722	550313.4933	9798532.967	70.7855
1723	550343.4933	9798532.967	73.858398
1724	550373.4933	9798532.967	75.854698
1725	550403.4933	9798532.967	77.238297
1726	550433.4933	9798532.967	78.039703
1727	550463.4933	9798532.967	78.594101
1728	550493.4933	9798532.967	79.6511
1729	548903.4933	9798562.967	73.681198
1730	548933.4933	9798562.967	75.139
1731	548963.4933	9798562.967	75.662003
1732	548993.4933	9798562.967	75.986702
1733	549023.4933	9798562.967	75.841301
1734	549053.4933	9798562.967	75.439796
1735	549083.4933	9798562.967	75.544701
1736	549113.4933	9798562.967	75.908401
1737	549143.4933	9798562.967	78.2528
1738	549173.4933	9798562.967	80.427597
1739	549203.4933	9798562.967	82.499702
1740	549233.4933	9798562.967	83.154297
1741	549263.4933	9798562.967	83.349602
1742	549293.4933	9798562.967	83.763802
1743	549323.4933	9798562.967	84.627602
1744	549353.4933	9798562.967	85.198303
1745	549383.4933	9798562.967	85.3591
1746	549413.4933	9798562.967	84.986397
1747	549443.4933	9798562.967	83.9226
1748	549473.4933	9798562.967	83.252197
1749	549503.4933	9798562.967	82.663597
1750	549533.4933	9798562.967	81.766296
1751	549563.4933	9798562.967	80.437302
1752	549593.4933	9798562.967	79.074501
1753	549623.4933	9798562.967	77.540398
1754	549653.4933	9798562.967	75.731903
1755	549683.4933	9798562.967	74.0923
1756	549713.4933	9798562.967	72.277702
1757	549743.4933	9798562.967	70.754799
1758	549773.4933	9798562.967	69.283997
1759	549803.4933	9798562.967	67.864502
1760	549833.4933	9798562.967	66.641899
1761	549863.4933	9798562.967	65.487503
1762	549893.4933	9798562.967	64.416
1763	549923.4933	9798562.967	63.633499
1764	549953.4933	9798562.967	63.508701
1765	549983.4933	9798562.967	63.508701
1766	550013.4933	9798562.967	62.860699
1767	550043.4933	9798562.967	61.7645
1768	550073.4933	9798562.967	59.5495
1769	550103.4933	9798562.967	56.9655
1770	550133.4933	9798562.967	55.0159
1771	550163.4933	9798562.967	54.592701
1772	550193.4933	9798562.967	54.617298
1773	550223.4933	9798562.967	56.8946
1774	550253.4933	9798562.967	61.300301
1775	550283.4933	9798562.967	66.747803
1776	550313.4933	9798562.967	71.387901
1777	550343.4933	9798562.967	74.251198
1778	550373.4933	9798562.967	76.233398
1779	550403.4933	9798562.967	77.660797
1780	550433.4933	9798562.967	78.600998
1781	550463.4933	9798562.967	79.442001
1782	550493.4933	9798562.967	80.161003
1783	548903.4933	9798592.967	77.109596
1784	548933.4933	9798592.967	78.613899
1785	548963.4933	9798592.967	79.553101
1786	548993.4933	9798592.967	80.007797
1787	549023.4933	9798592.967	79.812599
1788	549053.4933	9798592.967	79.121101
1789	549083.4933	9798592.967	78.735901
1790	549113.4933	9798592.967	79.2631
1791	549143.4933	9798592.967	81.465698
1792	549173.4933	9798592.967	83.893204
1793	549203.4933	9798592.967	85.607101
1794	549233.4933	9798592.967	85.869301
1795	549263.4933	9798592.967	85.635696
1796	549293.4933	9798592.967	85.661598
1797	549323.4933	9798592.967	86.012398
1798	549353.4933	9798592.967	86.310097
1799	549383.4933	9798592.967	86.310799
1800	549413.4933	9798592.967	85.816704
1801	549443.4933	9798592.967	85.043404
1802	549473.4933	9798592.967	84.093002
1803	549503.4933	9798592.967	83.021698
1804	549533.4933	9798592.967	81.845901
1805	549563.4933	9798592.967	80.538101
1806	549593.4933	9798592.967	79.163101
1807	549623.4933	9798592.967	77.719101
1808	549653.4933	9798592.967	76.170601
1809	549683.4933	9798592.967	74.8339
1810	549713.4933	9798592.967	73.465698
1811	549743.4933	9798592.967	71.966698
1812	549773.4933	9798592.967	70.304298
1813	549803.4933	9798592.967	68.665604
1814	549833.4933	9798592.967	67.194603
1815	549863.4933	9798592.967	65.801498
1816	549893.4933	9798592.967	64.6474
1817	549923.4933	9798592.967	63.850498
1818	549953.4933	9798592.967	63.563599
1819	549983.4933	9798592.967	63.563599
1820	550013.4933	9798592.967	63.009998
1821	550043.4933	9798592.967	61.682598
1822	550073.4933	9798592.967	59.222198
1823	550103.4933	9798592.967	56.663101
1824	550133.4933	9798592.967	54.754902
1825	550163.4933	9798592.967	54.592701
1826	550193.4933	9798592.967	55.053101
1827	550223.4933	9798592.967	57.619499
1828	550253.4933	9798592.967	62.1763
1829	550283.4933	9798592.967	67.243202
1830	550313.4933	9798592.967	71.702599
1831	550343.4933	9798592.967	74.571404
1832	550373.4933	9798592.967	76.478203
1833	550403.4933	9798592.967	77.778999
1834	550433.4933	9798592.967	78.777603
1835	550463.4933	9798592.967	79.625
1836	550493.4933	9798592.967	80.496803
