id	x	y	z
38	550013.4933	9797602.967	58.9865
39	550043.4933	9797602.967	55.7211
40	550073.4933	9797602.967	54.592701
41	550103.4933	9797602.967	54.592701
42	550133.4933	9797602.967	54.592701
43	550163.4933	9797602.967	54.592701
44	550193.4933	9797602.967	54.592701
45	550223.4933	9797602.967	55.4865
46	550253.4933	9797602.967	57.016602
47	550283.4933	9797602.967	58.305199
48	550313.4933	9797602.967	59.131901
49	550343.4933	9797602.967	58.9972
50	550373.4933	9797602.967	58.410702
51	550403.4933	9797602.967	57.504601
52	550433.4933	9797602.967	56.766201
53	550463.4933	9797602.967	56.0163
54	550493.4933	9797602.967	55.320599
90	549953.4933	9797632.967	62.7589
91	549983.4933	9797632.967	62.7589
92	550013.4933	9797632.967	58.327
93	550043.4933	9797632.967	54.8097
94	550073.4933	9797632.967	54.592701
95	550103.4933	9797632.967	54.592701
96	550133.4933	9797632.967	54.592701
97	550163.4933	9797632.967	54.592701
98	550193.4933	9797632.967	55.384602
99	550223.4933	9797632.967	56.949001
100	550253.4933	9797632.967	58.900299
101	550283.4933	9797632.967	60.563499
102	550313.4933	9797632.967	61.368801
103	550343.4933	9797632.967	61.251099
104	550373.4933	9797632.967	60.5732
105	550403.4933	9797632.967	59.790401
106	550433.4933	9797632.967	58.9352
107	550463.4933	9797632.967	58.030701
108	550493.4933	9797632.967	57.087299
144	549953.4933	9797662.967	62.7742
145	549983.4933	9797662.967	62.7742
146	550013.4933	9797662.967	57.9347
147	550043.4933	9797662.967	54.592701
148	550073.4933	9797662.967	54.592701
149	550103.4933	9797662.967	54.592701
150	550133.4933	9797662.967	54.592701
151	550163.4933	9797662.967	54.666199
152	550193.4933	9797662.967	56.478401
153	550223.4933	9797662.967	58.410702
154	550253.4933	9797662.967	60.706699
155	550283.4933	9797662.967	62.565601
158	550373.4933	9797662.967	62.659302
159	550403.4933	9797662.967	61.981899
160	550433.4933	9797662.967	61.017502
161	550463.4933	9797662.967	59.928699
162	550493.4933	9797662.967	58.794998
200	550013.4933	9797692.967	58.487598
201	550043.4933	9797692.967	54.844501
202	550073.4933	9797692.967	54.592701
203	550103.4933	9797692.967	54.592701
204	550133.4933	9797692.967	54.592701
205	550163.4933	9797692.967	54.6614
206	550193.4933	9797692.967	56.747898
207	550223.4933	9797692.967	59.172199
208	550253.4933	9797692.967	61.756901
214	550433.4933	9797692.967	62.398102
215	550463.4933	9797692.967	61.397202
216	550493.4933	9797692.967	60.309101
254	550013.4933	9797722.967	59.3633
255	550043.4933	9797722.967	55.632099
256	550073.4933	9797722.967	54.592701
257	550103.4933	9797722.967	54.592701
258	550133.4933	9797722.967	54.592701
259	550163.4933	9797722.967	54.592701
260	550193.4933	9797722.967	56.7491
261	550223.4933	9797722.967	59.618198
262	550253.4933	9797722.967	62.5028
269	550463.4933	9797722.967	62.779499
270	550493.4933	9797722.967	61.831001
308	550013.4933	9797752.967	60.7584
309	550043.4933	9797752.967	57.784599
310	550073.4933	9797752.967	55.336498
311	550103.4933	9797752.967	54.592701
312	550133.4933	9797752.967	54.592701
313	550163.4933	9797752.967	54.592701
314	550193.4933	9797752.967	56.712898
315	550223.4933	9797752.967	59.786098
362	550013.4933	9797782.967	62.719299
363	550043.4933	9797782.967	59.529202
364	550073.4933	9797782.967	56.3396
365	550103.4933	9797782.967	54.592701
366	550133.4933	9797782.967	54.592701
367	550163.4933	9797782.967	54.592701
368	550193.4933	9797782.967	56.783298
369	550223.4933	9797782.967	59.933899
417	550043.4933	9797812.967	60.8027
418	550073.4933	9797812.967	57.515999
419	550103.4933	9797812.967	54.8918
420	550133.4933	9797812.967	54.592701
421	550163.4933	9797812.967	54.592701
422	550193.4933	9797812.967	56.651001
423	550223.4933	9797812.967	59.995098
471	550043.4933	9797842.967	61.893902
472	550073.4933	9797842.967	58.333801
473	550103.4933	9797842.967	55.360699
474	550133.4933	9797842.967	54.592701
475	550163.4933	9797842.967	54.592701
476	550193.4933	9797842.967	56.4604
477	550223.4933	9797842.967	59.727402
525	550043.4933	9797872.967	61.7206
526	550073.4933	9797872.967	58.5242
527	550103.4933	9797872.967	55.636002
528	550133.4933	9797872.967	54.592701
529	550163.4933	9797872.967	54.592701
530	550193.4933	9797872.967	55.997501
531	550223.4933	9797872.967	58.760502
532	550253.4933	9797872.967	62.369301
578	550013.4933	9797902.967	62.526199
579	550043.4933	9797902.967	60.953602
580	550073.4933	9797902.967	58.069
581	550103.4933	9797902.967	55.350399
582	550133.4933	9797902.967	54.592701
583	550163.4933	9797902.967	54.592701
584	550193.4933	9797902.967	55.383801
585	550223.4933	9797902.967	57.646198
586	550253.4933	9797902.967	60.918201
630	549953.4933	9797932.967	61.5107
631	549983.4933	9797932.967	61.5107
632	550013.4933	9797932.967	60.123798
633	550043.4933	9797932.967	58.800598
634	550073.4933	9797932.967	56.814602
635	550103.4933	9797932.967	54.830399
636	550133.4933	9797932.967	54.592701
637	550163.4933	9797932.967	54.592701
638	550193.4933	9797932.967	54.592701
639	550223.4933	9797932.967	56.398701
640	550253.4933	9797932.967	59.273998
641	550283.4933	9797932.967	62.650501
683	549923.4933	9797962.967	61.466301
684	549953.4933	9797962.967	59.854401
685	549983.4933	9797962.967	59.854401
686	550013.4933	9797962.967	58.2211
687	550043.4933	9797962.967	56.6922
688	550073.4933	9797962.967	55.007
689	550103.4933	9797962.967	54.592701
690	550133.4933	9797962.967	54.592701
691	550163.4933	9797962.967	54.592701
692	550193.4933	9797962.967	54.592701
693	550223.4933	9797962.967	54.6735
694	550253.4933	9797962.967	57.668598
695	550283.4933	9797962.967	61.182098
735	549863.4933	9797992.967	62.9464
736	549893.4933	9797992.967	61.210098
737	549923.4933	9797992.967	59.652802
738	549953.4933	9797992.967	58.050301
739	549983.4933	9797992.967	58.050301
740	550013.4933	9797992.967	56.638302
741	550043.4933	9797992.967	54.972099
742	550073.4933	9797992.967	54.592701
743	550103.4933	9797992.967	54.592701
744	550133.4933	9797992.967	54.592701
745	550163.4933	9797992.967	54.592701
746	550193.4933	9797992.967	54.592701
747	550223.4933	9797992.967	54.592701
748	550253.4933	9797992.967	56.366798
749	550283.4933	9797992.967	60.2505
788	549833.4933	9798022.967	62.1908
789	549863.4933	9798022.967	60.610802
790	549893.4933	9798022.967	59.181499
791	549923.4933	9798022.967	57.4352
792	549953.4933	9798022.967	56.491001
793	549983.4933	9798022.967	56.491001
794	550013.4933	9798022.967	55.505501
795	550043.4933	9798022.967	54.592701
796	550073.4933	9798022.967	54.592701
797	550103.4933	9798022.967	54.592701
798	550133.4933	9798022.967	54.592701
799	550163.4933	9798022.967	54.592701
800	550193.4933	9798022.967	54.592701
801	550223.4933	9798022.967	54.592701
802	550253.4933	9798022.967	55.833
803	550283.4933	9798022.967	60.003502
840	549773.4933	9798052.967	62.134701
841	549803.4933	9798052.967	60.469799
842	549833.4933	9798052.967	59.0033
843	549863.4933	9798052.967	57.584801
844	549893.4933	9798052.967	56.3713
845	549923.4933	9798052.967	55.335098
846	549953.4933	9798052.967	54.9217
847	549983.4933	9798052.967	54.9217
848	550013.4933	9798052.967	54.592701
849	550043.4933	9798052.967	54.592701
850	550073.4933	9798052.967	54.592701
851	550103.4933	9798052.967	54.592701
852	550133.4933	9798052.967	54.592701
853	550163.4933	9798052.967	54.592701
854	550193.4933	9798052.967	54.592701
855	550223.4933	9798052.967	54.592701
856	550253.4933	9798052.967	56.1399
857	550283.4933	9798052.967	60.757301
892	549713.4933	9798082.967	62.536701
893	549743.4933	9798082.967	61.3969
894	549773.4933	9798082.967	59.8522
895	549803.4933	9798082.967	58.141102
896	549833.4933	9798082.967	56.297901
897	549863.4933	9798082.967	55.101101
898	549893.4933	9798082.967	54.592701
899	549923.4933	9798082.967	54.592701
900	549953.4933	9798082.967	54.592701
901	549983.4933	9798082.967	54.592701
902	550013.4933	9798082.967	54.592701
903	550043.4933	9798082.967	54.592701
904	550073.4933	9798082.967	54.592701
905	550103.4933	9798082.967	54.592701
906	550133.4933	9798082.967	54.592701
907	550163.4933	9798082.967	54.592701
908	550193.4933	9798082.967	54.592701
909	550223.4933	9798082.967	54.592701
910	550253.4933	9798082.967	56.941399
911	550283.4933	9798082.967	61.569698
943	549623.4933	9798112.967	62.105
944	549653.4933	9798112.967	61.482399
945	549683.4933	9798112.967	61.236198
946	549713.4933	9798112.967	61.028801
947	549743.4933	9798112.967	59.910198
948	549773.4933	9798112.967	58.335098
949	549803.4933	9798112.967	56.627201
950	549833.4933	9798112.967	54.795898
951	549863.4933	9798112.967	54.592701
952	549893.4933	9798112.967	54.592701
953	549923.4933	9798112.967	54.592701
954	549953.4933	9798112.967	54.592701
955	549983.4933	9798112.967	54.592701
956	550013.4933	9798112.967	55.1175
957	550043.4933	9798112.967	55.804298
958	550073.4933	9798112.967	55.115501
959	550103.4933	9798112.967	54.592701
960	550133.4933	9798112.967	54.592701
961	550163.4933	9798112.967	54.592701
962	550193.4933	9798112.967	54.592701
963	550223.4933	9798112.967	54.592701
964	550253.4933	9798112.967	57.785198
965	550283.4933	9798112.967	62.395802
994	549533.4933	9798142.967	62.648701
995	549563.4933	9798142.967	61.731098
996	549593.4933	9798142.967	60.967899
997	549623.4933	9798142.967	60.252701
998	549653.4933	9798142.967	59.934898
999	549683.4933	9798142.967	59.7757
1000	549713.4933	9798142.967	59.719101
1001	549743.4933	9798142.967	59.355701
1002	549773.4933	9798142.967	58.193802
1003	549803.4933	9798142.967	57.045898
1004	549833.4933	9798142.967	56.0061
1005	549863.4933	9798142.967	55.251999
1006	549893.4933	9798142.967	54.996601
1007	549923.4933	9798142.967	54.996201
1008	549953.4933	9798142.967	56.155899
1009	549983.4933	9798142.967	56.155899
1010	550013.4933	9798142.967	56.865501
1011	550043.4933	9798142.967	57.067402
1012	550073.4933	9798142.967	56.066898
1013	550103.4933	9798142.967	54.6269
1014	550133.4933	9798142.967	54.592701
1015	550163.4933	9798142.967	54.592701
1016	550193.4933	9798142.967	54.592701
1017	550223.4933	9798142.967	54.592701
1018	550253.4933	9798142.967	57.933899
1019	550283.4933	9798142.967	62.679298
1047	549503.4933	9798172.967	62.445499
1048	549533.4933	9798172.967	61.396599
1049	549563.4933	9798172.967	60.2962
1050	549593.4933	9798172.967	59.367802
1051	549623.4933	9798172.967	59.314098
1052	549653.4933	9798172.967	59.314098
1053	549683.4933	9798172.967	59.314098
1054	549713.4933	9798172.967	59.314098
1055	549743.4933	9798172.967	59.314098
1056	549773.4933	9798172.967	58.938099
1057	549803.4933	9798172.967	58.4263
1058	549833.4933	9798172.967	58.02
1059	549863.4933	9798172.967	57.817001
1060	549893.4933	9798172.967	57.679298
1061	549923.4933	9798172.967	57.7938
1062	549953.4933	9798172.967	58.6096
1063	549983.4933	9798172.967	58.6096
1064	550013.4933	9798172.967	59.137501
1065	550043.4933	9798172.967	58.4874
1066	550073.4933	9798172.967	57.056301
1067	550103.4933	9798172.967	55.297001
1068	550133.4933	9798172.967	54.592701
1069	550163.4933	9798172.967	54.592701
1070	550193.4933	9798172.967	54.592701
1071	550223.4933	9798172.967	54.592701
1072	550253.4933	9798172.967	57.958199
1073	550283.4933	9798172.967	62.7882
1100	549473.4933	9798202.967	62.594501
1101	549503.4933	9798202.967	61.509998
1102	549533.4933	9798202.967	60.586601
1103	549563.4933	9798202.967	59.314098
1104	549593.4933	9798202.967	59.314098
1105	549623.4933	9798202.967	59.314098
1106	549653.4933	9798202.967	59.314098
1107	549683.4933	9798202.967	59.314098
1108	549713.4933	9798202.967	59.314098
1109	549743.4933	9798202.967	59.6786
1110	549773.4933	9798202.967	60.194099
1111	549803.4933	9798202.967	60.583599
1112	549833.4933	9798202.967	60.999199
1113	549863.4933	9798202.967	60.914398
1114	549893.4933	9798202.967	60.9603
1115	549923.4933	9798202.967	61.158798
1116	549953.4933	9798202.967	61.277802
1117	549983.4933	9798202.967	61.277802
1118	550013.4933	9798202.967	61.2995
1119	550043.4933	9798202.967	59.9058
1120	550073.4933	9798202.967	58.130001
1121	550103.4933	9798202.967	56.0173
1122	550133.4933	9798202.967	54.592701
1123	550163.4933	9798202.967	54.592701
1124	550193.4933	9798202.967	54.592701
1125	550223.4933	9798202.967	54.592701
1126	550253.4933	9798202.967	58.027699
1127	550283.4933	9798202.967	62.680302
1151	549383.4933	9798232.967	62.9179
1152	549413.4933	9798232.967	62.1992
1153	549443.4933	9798232.967	61.8391
1154	549473.4933	9798232.967	61.478802
1155	549503.4933	9798232.967	60.741901
1156	549533.4933	9798232.967	59.982899
1157	549563.4933	9798232.967	59.314098
1158	549593.4933	9798232.967	59.314098
1159	549623.4933	9798232.967	59.314098
1160	549653.4933	9798232.967	59.3316
1161	549683.4933	9798232.967	59.6436
1162	549713.4933	9798232.967	60.121201
1163	549743.4933	9798232.967	60.828499
1164	549773.4933	9798232.967	61.7938
1165	549803.4933	9798232.967	62.749298
1173	550043.4933	9798232.967	61.561401
1174	550073.4933	9798232.967	59.494598
1175	550103.4933	9798232.967	57.2453
1176	550133.4933	9798232.967	55.230202
1177	550163.4933	9798232.967	54.592701
1178	550193.4933	9798232.967	54.592701
1179	550223.4933	9798232.967	54.8424
1180	550253.4933	9798232.967	58.359501
1181	550283.4933	9798232.967	62.911301
1204	549353.4933	9798262.967	62.396198
1205	549383.4933	9798262.967	60.908699
1206	549413.4933	9798262.967	60.908699
1207	549443.4933	9798262.967	60.908699
1208	549473.4933	9798262.967	60.908699
1209	549503.4933	9798262.967	60.591499
1210	549533.4933	9798262.967	60.262402
1211	549563.4933	9798262.967	60.192799
1212	549593.4933	9798262.967	60.436798
1213	549623.4933	9798262.967	60.637699
1214	549653.4933	9798262.967	60.824001
1215	549683.4933	9798262.967	61.180698
1216	549713.4933	9798262.967	61.7402
1217	549743.4933	9798262.967	62.451698
1227	550043.4933	9798262.967	62.784901
1228	550073.4933	9798262.967	60.527802
1229	550103.4933	9798262.967	58.118698
1230	550133.4933	9798262.967	55.896801
1231	550163.4933	9798262.967	54.592701
1232	550193.4933	9798262.967	54.592701
1233	550223.4933	9798262.967	55.3741
1234	550253.4933	9798262.967	58.799099
1257	549323.4933	9798292.967	62.4263
1258	549353.4933	9798292.967	60.908699
1259	549383.4933	9798292.967	60.908699
1260	549413.4933	9798292.967	60.908699
1261	549443.4933	9798292.967	60.908699
1262	549473.4933	9798292.967	61.311199
1263	549503.4933	9798292.967	61.257099
1264	549533.4933	9798292.967	61.347301
1265	549563.4933	9798292.967	61.891102
1266	549593.4933	9798292.967	62.547901
1282	550073.4933	9798292.967	60.766899
1283	550103.4933	9798292.967	58.4496
1284	550133.4933	9798292.967	55.968399
1285	550163.4933	9798292.967	54.592701
1286	550193.4933	9798292.967	54.592701
1287	550223.4933	9798292.967	55.793301
1288	550253.4933	9798292.967	59.334999
1310	549293.4933	9798322.967	62.9114
1311	549323.4933	9798322.967	61.510899
1312	549353.4933	9798322.967	60.908699
1313	549383.4933	9798322.967	60.908699
1314	549413.4933	9798322.967	60.908699
1315	549443.4933	9798322.967	61.5242
1316	549473.4933	9798322.967	62.574699
1335	550043.4933	9798322.967	62.280201
1336	550073.4933	9798322.967	59.895
1337	550103.4933	9798322.967	57.5839
1338	550133.4933	9798322.967	55.4767
1339	550163.4933	9798322.967	54.592701
1340	550193.4933	9798322.967	54.592701
1341	550223.4933	9798322.967	56.065701
1342	550253.4933	9798322.967	59.891899
1365	549323.4933	9798352.967	61.9487
1366	549353.4933	9798352.967	60.925999
1367	549383.4933	9798352.967	60.908699
1368	549413.4933	9798352.967	61.732498
1389	550043.4933	9798352.967	61.258202
1390	550073.4933	9798352.967	58.790298
1391	550103.4933	9798352.967	56.535999
1392	550133.4933	9798352.967	54.985199
1393	550163.4933	9798352.967	54.592701
1394	550193.4933	9798352.967	54.592701
1395	550223.4933	9798352.967	56.3871
1396	550253.4933	9798352.967	60.428299
1442	550013.4933	9798382.967	62.904598
1443	550043.4933	9798382.967	60.406399
1444	550073.4933	9798382.967	57.972401
1445	550103.4933	9798382.967	55.753201
1446	550133.4933	9798382.967	54.592701
1447	550163.4933	9798382.967	54.592701
1448	550193.4933	9798382.967	54.592701
1449	550223.4933	9798382.967	56.6465
1450	550253.4933	9798382.967	60.913799
1497	550043.4933	9798412.967	60.871201
1498	550073.4933	9798412.967	58.401901
1499	550103.4933	9798412.967	56.146198
1500	550133.4933	9798412.967	54.592701
1501	550163.4933	9798412.967	54.592701
1502	550193.4933	9798412.967	54.592701
1503	550223.4933	9798412.967	56.638802
1504	550253.4933	9798412.967	60.941299
1551	550043.4933	9798442.967	61.5093
1552	550073.4933	9798442.967	59.149899
1553	550103.4933	9798442.967	56.8801
1554	550133.4933	9798442.967	55.0098
1555	550163.4933	9798442.967	54.592701
1556	550193.4933	9798442.967	54.592701
1557	550223.4933	9798442.967	56.7514
1558	550253.4933	9798442.967	60.941502
1605	550043.4933	9798472.967	62.135799
1606	550073.4933	9798472.967	59.810902
1607	550103.4933	9798472.967	57.568699
1608	550133.4933	9798472.967	55.462399
1609	550163.4933	9798472.967	54.592701
1610	550193.4933	9798472.967	54.592701
1611	550223.4933	9798472.967	56.536598
1612	550253.4933	9798472.967	60.9473
1659	550043.4933	9798502.967	62.0811
1660	550073.4933	9798502.967	59.830601
1661	550103.4933	9798502.967	57.481998
1662	550133.4933	9798502.967	55.422401
1663	550163.4933	9798502.967	54.592701
1664	550193.4933	9798502.967	54.592701
1665	550223.4933	9798502.967	56.518002
1666	550253.4933	9798502.967	60.943401
1713	550043.4933	9798532.967	61.785801
1714	550073.4933	9798532.967	59.6259
1715	550103.4933	9798532.967	57.245098
1716	550133.4933	9798532.967	55.249802
1717	550163.4933	9798532.967	54.592701
1718	550193.4933	9798532.967	54.592701
1719	550223.4933	9798532.967	56.545601
1720	550253.4933	9798532.967	61.117599
1766	550013.4933	9798562.967	62.860699
1767	550043.4933	9798562.967	61.7645
1768	550073.4933	9798562.967	59.5495
1769	550103.4933	9798562.967	56.9655
1770	550133.4933	9798562.967	55.0159
1771	550163.4933	9798562.967	54.592701
1772	550193.4933	9798562.967	54.617298
1773	550223.4933	9798562.967	56.8946
1774	550253.4933	9798562.967	61.300301
1821	550043.4933	9798592.967	61.682598
1822	550073.4933	9798592.967	59.222198
1823	550103.4933	9798592.967	56.663101
1824	550133.4933	9798592.967	54.754902
1825	550163.4933	9798592.967	54.592701
1826	550193.4933	9798592.967	55.053101
1827	550223.4933	9798592.967	57.619499
1828	550253.4933	9798592.967	62.1763
